##NODES##
0,SUM
1,CATNODEPRD,0,0
2,CATNODEPRD,0,1
3,CATNODEPRD,0,2
4,CATNODEPRD,0,3
5,CATNODEPRD,0,4
6,CATNODEPRD,0,5
7,CATNODEPRD,0,6
8,CATNODEPRD,0,7
9,CATNODEPRD,0,8
10,CATNODEPRD,0,9
11,CATNODEPRD,1,0
12,CATNODEPRD,1,1
13,CATNODEPRD,1,2
14,CATNODEPRD,1,3
15,CATNODEPRD,1,4
16,CATNODEPRD,1,5
17,CATNODEPRD,1,6
18,CATNODEPRD,1,7
19,CATNODEPRD,1,8
20,CATNODEPRD,1,9
21,CATNODEPRD,1,10
22,CATNODEPRD,1,11
23,CATNODEPRD,1,12
24,CATNODEPRD,1,13
25,CATNODEPRD,1,14
26,CATNODEPRD,1,15
27,CATNODEPRD,2,0
28,CATNODEPRD,2,1
29,CATNODEPRD,2,2
30,CATNODEPRD,2,3
31,CATNODEPRD,2,4
32,CATNODEPRD,2,5
33,CATNODEPRD,2,6
34,CATNODEPRD,2,7
35,CATNODEPRD,2,8
36,CATNODEPRD,2,9
37,CATNODEPRD,2,10
38,CATNODEPRD,2,11
39,CATNODEPRD,2,12
40,CATNODEPRD,2,13
41,CATNODEPRD,2,14
42,CATNODEPRD,2,15
43,CATNODEPRD,3,0
44,CATNODEPRD,3,1
45,CATNODEPRD,3,2
46,CATNODEPRD,3,3
47,CATNODEPRD,3,4
48,CATNODEPRD,3,5
49,CATNODEPRD,3,6
50,CATNODEPRD,3,7
51,CATNODEPRD,3,8
52,CATNODEPRD,3,9
53,CATNODEPRD,3,10
54,CATNODEPRD,3,11
55,CATNODEPRD,3,12
56,CATNODEPRD,3,13
57,CATNODEPRD,4,0
58,CATNODEPRD,4,1
59,CATNODEPRD,4,2
60,CATNODEPRD,4,3
61,CATNODEPRD,4,4
62,CATNODEPRD,5,0
63,CATNODEPRD,5,1
64,CATNODEPRD,5,2
65,CATNODEPRD,5,3
66,CATNODEPRD,5,4
67,CATNODEPRD,5,5
68,CATNODEPRD,5,6
69,CATNODEPRD,5,7
70,CATNODEPRD,5,8
71,CATNODEPRD,5,9
72,CATNODEPRD,5,10
73,CATNODEPRD,5,11
74,CATNODEPRD,5,12
75,CATNODEPRD,5,13
76,CATNODEPRD,5,14
77,CATNODEPRD,5,15
78,CATNODEPRD,5,16
79,CATNODEPRD,5,17
80,CATNODEPRD,5,18
81,CATNODEPRD,5,19
82,CATNODEPRD,5,20
83,PRD
84,PRD
85,PRD
86,PRD
87,PRD
88,PRD
89,PRD
90,PRD
91,PRD
92,PRD
93,PRD
94,PRD
95,PRD
96,PRD
97,PRD
98,PRD
99,PRD
100,PRD
101,PRD
102,PRD
103,PRD
104,PRD
105,PRD
106,PRD
107,PRD
108,PRD
109,PRD
110,PRD
111,PRD
112,PRD
113,PRD
114,PRD
115,PRD
116,PRD
117,PRD
118,PRD
119,PRD
120,PRD
121,PRD
122,PRD
123,PRD
124,PRD
125,PRD
126,PRD
127,PRD
128,PRD
129,PRD
130,PRD
131,PRD
132,PRD
133,PRD
134,PRD
135,PRD
136,PRD
137,PRD
138,PRD
139,PRD
140,PRD
141,PRD
142,PRD
143,PRD
144,PRD
145,PRD
146,PRD
147,PRD
148,PRD
149,PRD
150,PRD
151,PRD
152,PRD
153,PRD
154,PRD
155,PRD
156,PRD
157,PRD
158,PRD
159,PRD
160,PRD
161,PRD
162,PRD
163,PRD
164,PRD
165,PRD
166,PRD
167,PRD
168,PRD
169,PRD
170,PRD
171,PRD
172,PRD
173,PRD
174,PRD
175,PRD
176,PRD
177,PRD
178,PRD
179,PRD
180,PRD
181,PRD
182,PRD
183,PRD
184,PRD
185,PRD
186,PRD
187,PRD
188,PRD
189,PRD
190,PRD
191,PRD
192,PRD
193,PRD
194,PRD
195,PRD
196,PRD
197,PRD
198,PRD
199,PRD
200,PRD
201,PRD
202,PRD
203,PRD
204,PRD
205,PRD
206,PRD
207,PRD
208,PRD
209,PRD
210,PRD
211,PRD
212,PRD
213,PRD
214,PRD
215,PRD
216,PRD
217,PRD
218,PRD
219,PRD
220,PRD
221,PRD
222,PRD
223,PRD
224,PRD
225,PRD
226,PRD
227,PRD
228,PRD
229,PRD
230,PRD
231,PRD
232,PRD
233,PRD
234,PRD
235,PRD
236,PRD
237,PRD
238,PRD
239,PRD
240,PRD
241,PRD
242,PRD
243,PRD
244,PRD
245,PRD
246,PRD
247,PRD
248,PRD
249,PRD
250,PRD
251,PRD
252,PRD
253,PRD
254,PRD
255,PRD
256,PRD
257,PRD
258,PRD
259,PRD
260,PRD
261,PRD
262,PRD
263,PRD
264,PRD
265,PRD
266,PRD
267,PRD
268,PRD
269,PRD
270,PRD
271,PRD
272,PRD
273,PRD
274,PRD
275,PRD
276,PRD
277,PRD
278,PRD
279,PRD
280,PRD
281,PRD
282,PRD
283,PRD
284,PRD
285,PRD
286,PRD
287,PRD
288,PRD
289,PRD
290,PRD
291,PRD
292,PRD
293,PRD
294,PRD
295,PRD
296,PRD
297,PRD
298,PRD
299,PRD
300,PRD
301,PRD
302,PRD
303,PRD
304,PRD
305,PRD
306,PRD
307,PRD
308,PRD
309,PRD
310,PRD
311,PRD
312,PRD
313,PRD
314,PRD
315,PRD
316,PRD
317,PRD
318,PRD
319,PRD
320,PRD
321,PRD
322,PRD
323,PRD
324,PRD
325,PRD
326,PRD
327,PRD
328,PRD
329,PRD
330,PRD
331,PRD
332,PRD
333,PRD
334,PRD
335,PRD
336,PRD
337,PRD
338,PRD
339,PRD
340,PRD
341,PRD
342,PRD
343,PRD
344,PRD
345,PRD
346,PRD
347,PRD
348,PRD
349,PRD
350,PRD
351,PRD
352,PRD
353,PRD
354,PRD
355,PRD
356,PRD
357,PRD
358,PRD
359,PRD
360,PRD
361,PRD
362,PRD
363,PRD
364,PRD
365,PRD
366,PRD
367,PRD
368,PRD
369,PRD
370,PRD
371,PRD
372,PRD
373,PRD
374,PRD
375,PRD
376,PRD
377,PRD
378,PRD
379,PRD
380,PRD
381,PRD
382,PRD
383,PRD
384,PRD
385,PRD
386,PRD
387,PRD
388,PRD
389,PRD
390,PRD
391,PRD
392,PRD
393,PRD
394,PRD
395,PRD
396,PRD
397,PRD
398,PRD
399,PRD
400,PRD
401,PRD
402,PRD
403,PRD
404,PRD
405,PRD
406,PRD
407,PRD
408,PRD
409,PRD
410,PRD
411,PRD
412,PRD
413,PRD
414,PRD
415,PRD
416,PRD
417,PRD
418,PRD
419,PRD
420,PRD
421,PRD
422,PRD
423,PRD
424,PRD
425,PRD
426,PRD
427,PRD
428,PRD
429,PRD
430,PRD
431,PRD
432,PRD
433,PRD
434,PRD
435,PRD
436,PRD
437,PRD
438,PRD
439,PRD
440,PRD
441,PRD
442,PRD
443,PRD
444,PRD
445,PRD
446,PRD
447,PRD
448,PRD
449,PRD
450,PRD
451,PRD
452,PRD
453,PRD
454,PRD
455,PRD
456,PRD
457,PRD
458,PRD
459,PRD
460,PRD
461,PRD
462,PRD
463,PRD
464,PRD
465,PRD
466,PRD
467,PRD
468,PRD
469,PRD
470,PRD
471,PRD
472,PRD
473,PRD
474,PRD
475,PRD
476,PRD
477,PRD
478,PRD
479,PRD
480,PRD
481,PRD
482,PRD
483,PRD
484,PRD
485,PRD
486,PRD
487,PRD
488,PRD
489,PRD
490,PRD
491,PRD
492,PRD
493,PRD
494,PRD
495,PRD
496,PRD
497,PRD
498,PRD
499,PRD
500,PRD
501,PRD
502,PRD
503,PRD
504,PRD
505,PRD
506,PRD
507,PRD
508,PRD
509,PRD
510,PRD
511,PRD
512,PRD
513,PRD
514,PRD
515,PRD
516,PRD
517,PRD
518,PRD
519,PRD
520,PRD
521,PRD
522,PRD
523,PRD
524,PRD
525,PRD
526,PRD
527,PRD
528,PRD
529,PRD
530,PRD
531,PRD
532,PRD
533,PRD
534,PRD
535,PRD
536,PRD
537,PRD
538,PRD
539,PRD
540,PRD
541,PRD
542,PRD
543,PRD
544,PRD
545,PRD
546,PRD
547,PRD
548,PRD
549,PRD
550,PRD
551,PRD
552,PRD
553,PRD
554,PRD
555,PRD
556,PRD
557,PRD
558,PRD
559,PRD
560,PRD
561,PRD
562,PRD
563,PRD
564,PRD
565,PRD
566,PRD
567,PRD
568,PRD
569,PRD
570,PRD
571,PRD
572,PRD
573,PRD
574,PRD
575,PRD
576,PRD
577,PRD
578,PRD
579,PRD
580,PRD
581,PRD
582,PRD
583,PRD
584,PRD
585,PRD
586,PRD
587,PRD
588,PRD
589,PRD
590,PRD
591,PRD
592,PRD
593,PRD
594,PRD
595,PRD
596,PRD
597,PRD
598,PRD
599,PRD
600,PRD
601,PRD
602,PRD
603,PRD
604,PRD
605,PRD
606,PRD
607,PRD
608,PRD
609,PRD
610,PRD
611,PRD
612,PRD
613,PRD
614,PRD
615,PRD
616,PRD
617,PRD
618,PRD
619,PRD
620,PRD
621,PRD
622,PRD
623,PRD
624,PRD
625,PRD
626,PRD
627,PRD
628,PRD
629,PRD
630,PRD
631,PRD
632,PRD
633,PRD
634,PRD
635,PRD
636,PRD
637,PRD
638,PRD
639,PRD
640,PRD
641,PRD
642,PRD
643,PRD
644,PRD
645,PRD
646,PRD
647,PRD
648,PRD
649,PRD
650,PRD
651,PRD
652,PRD
653,PRD
654,PRD
655,PRD
656,PRD
657,PRD
658,PRD
659,PRD
660,PRD
661,PRD
662,PRD
663,PRD
664,PRD
665,PRD
666,PRD
667,PRD
668,PRD
669,PRD
670,PRD
671,PRD
672,PRD
673,PRD
674,PRD
675,PRD
676,PRD
677,PRD
678,PRD
679,PRD
680,PRD
681,PRD
682,PRD
683,PRD
684,PRD
685,PRD
686,PRD
687,PRD
688,PRD
689,PRD
690,PRD
691,PRD
692,PRD
693,PRD
694,PRD
695,PRD
696,PRD
697,PRD
698,PRD
699,PRD
700,PRD
701,PRD
702,PRD
703,PRD
704,PRD
705,PRD
706,PRD
707,PRD
708,PRD
709,PRD
710,PRD
711,PRD
712,PRD
713,PRD
714,PRD
715,PRD
716,PRD
717,PRD
718,PRD
719,PRD
720,PRD
721,PRD
722,PRD
723,PRD
724,PRD
725,PRD
726,PRD
727,PRD
728,PRD
729,PRD
730,PRD
731,PRD
732,PRD
733,PRD
734,PRD
735,PRD
736,PRD
737,PRD
738,PRD
739,PRD
740,PRD
741,PRD
742,PRD
743,PRD
744,PRD
745,PRD
746,PRD
747,PRD
748,PRD
749,PRD
750,PRD
751,PRD
752,PRD
753,PRD
754,PRD
755,PRD
756,PRD
757,PRD
758,PRD
759,PRD
760,PRD
761,PRD
762,PRD
763,PRD
764,PRD
765,PRD
766,PRD
767,PRD
768,PRD
769,PRD
770,PRD
771,PRD
772,PRD
773,PRD
774,PRD
775,PRD
776,PRD
777,PRD
778,PRD
779,PRD
780,PRD
781,PRD
782,PRD
783,PRD
784,PRD
785,PRD
786,PRD
787,PRD
788,PRD
789,PRD
790,PRD
791,PRD
792,PRD
793,PRD
794,PRD
795,PRD
796,PRD
797,PRD
798,PRD
799,PRD
800,PRD
801,PRD
802,PRD
803,PRD
804,PRD
805,PRD
806,PRD
807,PRD
808,PRD
809,PRD
810,PRD
811,PRD
812,PRD
813,PRD
814,PRD
815,PRD
816,PRD
817,PRD
818,PRD
819,PRD
820,PRD
821,PRD
822,PRD
823,PRD
824,PRD
825,PRD
826,PRD
827,PRD
828,PRD
829,PRD
830,PRD
831,PRD
832,PRD
833,PRD
834,PRD
835,PRD
836,PRD
837,PRD
838,PRD
839,PRD
840,PRD
841,PRD
842,PRD
843,PRD
844,PRD
845,PRD
846,PRD
847,PRD
848,PRD
849,PRD
850,PRD
851,PRD
852,PRD
853,PRD
854,PRD
855,PRD
856,PRD
857,PRD
858,PRD
859,PRD
860,PRD
861,PRD
862,PRD
863,PRD
864,PRD
865,PRD
866,PRD
867,PRD
868,PRD
869,PRD
870,PRD
871,PRD
872,PRD
873,PRD
874,PRD
875,PRD
876,PRD
877,PRD
878,PRD
879,PRD
880,PRD
881,PRD
882,PRD
883,PRD
884,PRD
885,PRD
886,PRD
887,PRD
888,PRD
889,PRD
890,PRD
891,PRD
892,PRD
893,PRD
894,PRD
895,PRD
896,PRD
897,PRD
898,PRD
899,PRD
900,PRD
901,PRD
902,PRD
903,PRD
904,PRD
905,PRD
906,PRD
907,PRD
908,PRD
909,PRD
910,PRD
911,PRD
912,PRD
913,PRD
914,PRD
915,PRD
916,PRD
917,PRD
918,PRD
919,PRD
920,PRD
921,PRD
922,PRD
923,PRD
924,PRD
925,PRD
926,PRD
927,PRD
928,PRD
929,PRD
930,PRD
931,PRD
932,PRD
933,PRD
934,PRD
935,PRD
936,PRD
937,PRD
938,PRD
939,PRD
940,PRD
941,PRD
942,PRD
943,PRD
944,PRD
945,PRD
946,PRD
947,PRD
948,PRD
949,PRD
950,PRD
951,PRD
952,PRD
953,PRD
954,PRD
955,PRD
956,PRD
957,PRD
958,PRD
959,PRD
960,PRD
961,PRD
962,PRD
963,PRD
964,PRD
965,PRD
966,PRD
967,PRD
968,PRD
969,PRD
970,PRD
971,PRD
972,PRD
973,PRD
974,PRD
##EDGES##
0,83,0.0010121457489878543
83,1
83,19
83,32
83,50
83,61
83,80
0,84,0.0010121457489878543
84,1
84,14
84,36
84,50
84,57
84,80
0,85,0.0010121457489878543
85,3
85,23
85,36
85,53
85,60
85,80
0,86,0.0010121457489878543
86,1
86,18
86,33
86,47
86,58
86,80
0,87,0.0010121457489878543
87,1
87,12
87,31
87,47
87,59
87,80
0,88,0.0010121457489878543
88,4
88,22
88,32
88,50
88,61
88,80
0,89,0.0010121457489878543
89,1
89,11
89,37
89,50
89,57
89,80
0,90,0.0010121457489878543
90,1
90,26
90,27
90,53
90,61
90,80
0,91,0.0010121457489878543
91,1
91,14
91,38
91,50
91,61
91,80
0,92,0.0020242914979757085
92,1
92,19
92,42
92,50
92,57
92,80
0,93,0.0010121457489878543
93,1
93,20
93,34
93,50
93,57
93,80
0,94,0.0010121457489878543
94,1
94,12
94,34
94,43
94,61
94,80
0,95,0.0010121457489878543
95,2
95,17
95,33
95,52
95,61
95,80
0,96,0.0010121457489878543
96,1
96,13
96,29
96,50
96,61
96,80
0,97,0.0010121457489878543
97,4
97,18
97,34
97,50
97,58
97,80
0,98,0.0010121457489878543
98,7
98,26
98,42
98,52
98,60
98,80
0,99,0.0010121457489878543
99,1
99,13
99,31
99,50
99,61
99,80
0,100,0.0010121457489878543
100,1
100,18
100,31
100,50
100,58
100,80
0,101,0.0010121457489878543
101,1
101,21
101,29
101,55
101,61
101,80
0,102,0.0010121457489878543
102,1
102,26
102,32
102,50
102,61
102,80
0,103,0.0010121457489878543
103,1
103,19
103,40
103,50
103,61
103,80
0,104,0.0010121457489878543
104,4
104,17
104,33
104,54
104,61
104,80
0,105,0.0010121457489878543
105,1
105,20
105,39
105,50
105,61
105,80
0,106,0.0010121457489878543
106,2
106,22
106,41
106,54
106,61
106,80
0,107,0.0010121457489878543
107,1
107,25
107,30
107,50
107,57
107,80
0,108,0.0010121457489878543
108,1
108,18
108,34
108,50
108,61
108,80
0,109,0.0010121457489878543
109,1
109,16
109,27
109,50
109,61
109,80
0,110,0.0010121457489878543
110,1
110,13
110,42
110,45
110,57
110,80
0,111,0.0010121457489878543
111,1
111,21
111,27
111,51
111,57
111,80
0,112,0.0010121457489878543
112,1
112,18
112,34
112,47
112,57
112,80
0,113,0.0010121457489878543
113,1
113,11
113,29
113,50
113,57
113,80
0,114,0.0010121457489878543
114,1
114,12
114,34
114,50
114,61
114,80
0,115,0.0010121457489878543
115,1
115,13
115,42
115,45
115,61
115,80
0,116,0.0010121457489878543
116,1
116,11
116,42
116,54
116,61
116,80
0,117,0.0010121457489878543
117,1
117,12
117,42
117,50
117,61
117,80
0,118,0.0010121457489878543
118,2
118,21
118,29
118,50
118,61
118,80
0,119,0.0010121457489878543
119,4
119,11
119,34
119,50
119,58
119,80
0,120,0.0010121457489878543
120,1
120,17
120,42
120,50
120,61
120,80
0,121,0.0010121457489878543
121,1
121,15
121,42
121,50
121,57
121,80
0,122,0.0010121457489878543
122,1
122,16
122,34
122,50
122,61
122,80
0,123,0.0010121457489878543
123,1
123,26
123,40
123,52
123,61
123,80
0,124,0.0010121457489878543
124,1
124,17
124,30
124,50
124,57
124,80
0,125,0.0010121457489878543
125,1
125,14
125,42
125,50
125,60
125,80
0,126,0.0010121457489878543
126,1
126,24
126,38
126,53
126,57
126,80
0,127,0.0010121457489878543
127,1
127,24
127,40
127,50
127,57
127,80
0,128,0.0010121457489878543
128,2
128,25
128,28
128,50
128,57
128,80
0,129,0.0010121457489878543
129,1
129,14
129,28
129,50
129,61
129,80
0,130,0.0010121457489878543
130,1
130,11
130,42
130,50
130,59
130,80
0,131,0.0010121457489878543
131,2
131,23
131,30
131,50
131,61
131,65
0,132,0.0010121457489878543
132,2
132,12
132,41
132,50
132,59
132,65
0,133,0.0010121457489878543
133,2
133,21
133,30
133,50
133,57
133,65
0,134,0.0010121457489878543
134,1
134,18
134,33
134,52
134,61
134,65
0,135,0.0010121457489878543
135,2
135,17
135,30
135,47
135,61
135,65
0,136,0.0010121457489878543
136,2
136,25
136,41
136,54
136,57
136,65
0,137,0.0010121457489878543
137,2
137,15
137,40
137,50
137,57
137,65
0,138,0.0010121457489878543
138,2
138,16
138,30
138,50
138,61
138,65
0,139,0.0010121457489878543
139,1
139,19
139,41
139,50
139,57
139,65
0,140,0.0010121457489878543
140,8
140,18
140,41
140,50
140,57
140,65
0,141,0.0010121457489878543
141,1
141,13
141,41
141,50
141,61
141,65
0,142,0.0010121457489878543
142,2
142,14
142,41
142,50
142,57
142,65
0,143,0.0010121457489878543
143,2
143,12
143,27
143,50
143,57
143,65
0,144,0.0010121457489878543
144,5
144,13
144,41
144,53
144,57
144,65
0,145,0.0010121457489878543
145,2
145,18
145,41
145,50
145,57
145,65
0,146,0.0010121457489878543
146,2
146,12
146,32
146,46
146,57
146,65
0,147,0.0010121457489878543
147,1
147,24
147,41
147,50
147,59
147,65
0,148,0.0010121457489878543
148,1
148,26
148,42
148,50
148,61
148,65
0,149,0.0010121457489878543
149,2
149,18
149,41
149,50
149,58
149,65
0,150,0.0010121457489878543
150,2
150,17
150,41
150,53
150,61
150,65
0,151,0.0010121457489878543
151,2
151,23
151,28
151,51
151,57
151,65
0,152,0.0010121457489878543
152,2
152,16
152,39
152,51
152,61
152,65
0,153,0.0010121457489878543
153,2
153,11
153,32
153,50
153,57
153,65
0,154,0.0010121457489878543
154,2
154,23
154,35
154,50
154,57
154,65
0,155,0.0010121457489878543
155,2
155,25
155,32
155,54
155,57
155,65
0,156,0.0010121457489878543
156,2
156,20
156,36
156,56
156,61
156,65
0,157,0.0010121457489878543
157,2
157,24
157,30
157,50
157,61
157,65
0,158,0.0010121457489878543
158,5
158,11
158,41
158,46
158,57
158,65
0,159,0.0010121457489878543
159,2
159,26
159,30
159,50
159,57
159,65
0,160,0.0010121457489878543
160,2
160,15
160,30
160,50
160,58
160,65
0,161,0.0010121457489878543
161,1
161,16
161,32
161,56
161,60
161,65
0,162,0.0010121457489878543
162,1
162,17
162,36
162,50
162,57
162,65
0,163,0.0010121457489878543
163,2
163,17
163,41
163,50
163,57
163,65
0,164,0.0010121457489878543
164,2
164,12
164,32
164,47
164,57
164,65
0,165,0.0010121457489878543
165,1
165,21
165,42
165,49
165,60
165,65
0,166,0.0010121457489878543
166,2
166,12
166,41
166,50
166,61
166,65
0,167,0.0010121457489878543
167,2
167,21
167,28
167,50
167,61
167,65
0,168,0.0010121457489878543
168,3
168,16
168,28
168,55
168,60
168,65
0,169,0.0010121457489878543
169,1
169,26
169,41
169,50
169,61
169,65
0,170,0.0010121457489878543
170,2
170,16
170,28
170,50
170,57
170,65
0,171,0.0010121457489878543
171,2
171,13
171,41
171,50
171,57
171,65
0,172,0.0010121457489878543
172,2
172,16
172,29
172,51
172,61
172,65
0,173,0.0010121457489878543
173,2
173,13
173,30
173,50
173,57
173,65
0,174,0.0010121457489878543
174,2
174,18
174,41
174,52
174,59
174,65
0,175,0.0010121457489878543
175,1
175,11
175,30
175,46
175,57
175,65
0,176,0.0010121457489878543
176,1
176,23
176,30
176,49
176,60
176,76
0,177,0.0010121457489878543
177,5
177,18
177,28
177,55
177,60
177,76
0,178,0.0010121457489878543
178,2
178,13
178,40
178,51
178,61
178,76
0,179,0.0010121457489878543
179,2
179,21
179,34
179,51
179,60
179,76
0,180,0.0010121457489878543
180,2
180,19
180,33
180,50
180,60
180,76
0,181,0.0010121457489878543
181,8
181,13
181,34
181,46
181,57
181,76
0,182,0.0010121457489878543
182,2
182,21
182,34
182,51
182,61
182,76
0,183,0.0010121457489878543
183,1
183,19
183,39
183,50
183,61
183,76
0,184,0.0010121457489878543
184,5
184,15
184,29
184,46
184,58
184,76
0,185,0.0010121457489878543
185,1
185,13
185,41
185,53
185,58
185,76
0,186,0.0010121457489878543
186,2
186,20
186,41
186,50
186,60
186,76
0,187,0.0010121457489878543
187,2
187,21
187,29
187,50
187,61
187,76
0,188,0.0010121457489878543
188,8
188,11
188,29
188,55
188,59
188,76
0,189,0.0010121457489878543
189,5
189,25
189,29
189,46
189,60
189,76
0,190,0.0010121457489878543
190,2
190,14
190,34
190,55
190,60
190,76
0,191,0.0010121457489878543
191,5
191,13
191,33
191,46
191,60
191,76
0,192,0.0010121457489878543
192,1
192,19
192,31
192,52
192,60
192,76
0,193,0.0010121457489878543
193,2
193,22
193,29
193,50
193,61
193,76
0,194,0.0010121457489878543
194,2
194,18
194,30
194,52
194,61
194,76
0,195,0.0010121457489878543
195,1
195,22
195,36
195,52
195,61
195,76
0,196,0.0010121457489878543
196,2
196,16
196,41
196,52
196,60
196,76
0,197,0.0010121457489878543
197,8
197,13
197,29
197,55
197,60
197,76
0,198,0.0010121457489878543
198,1
198,11
198,27
198,46
198,61
198,76
0,199,0.0010121457489878543
199,2
199,20
199,27
199,50
199,61
199,76
0,200,0.0010121457489878543
200,2
200,20
200,30
200,52
200,61
200,76
0,201,0.0010121457489878543
201,5
201,13
201,29
201,46
201,60
201,76
0,202,0.0010121457489878543
202,1
202,15
202,35
202,53
202,61
202,76
0,203,0.0010121457489878543
203,2
203,14
203,30
203,51
203,60
203,76
0,204,0.0010121457489878543
204,2
204,15
204,35
204,53
204,61
204,76
0,205,0.0010121457489878543
205,2
205,20
205,34
205,49
205,60
205,76
0,206,0.0010121457489878543
206,5
206,17
206,37
206,49
206,57
206,76
0,207,0.0010121457489878543
207,2
207,17
207,35
207,47
207,60
207,76
0,208,0.0010121457489878543
208,2
208,26
208,35
208,50
208,60
208,76
0,209,0.0010121457489878543
209,1
209,12
209,29
209,51
209,61
209,76
0,210,0.0010121457489878543
210,2
210,24
210,34
210,55
210,60
210,76
0,211,0.0010121457489878543
211,5
211,19
211,30
211,46
211,60
211,76
0,212,0.0010121457489878543
212,2
212,12
212,27
212,50
212,57
212,76
0,213,0.0010121457489878543
213,2
213,21
213,31
213,50
213,60
213,76
0,214,0.0010121457489878543
214,2
214,19
214,34
214,50
214,61
214,76
0,215,0.0010121457489878543
215,2
215,14
215,29
215,56
215,60
215,76
0,216,0.0010121457489878543
216,2
216,16
216,41
216,50
216,60
216,76
0,217,0.0010121457489878543
217,6
217,20
217,29
217,55
217,60
217,76
0,218,0.0010121457489878543
218,2
218,14
218,29
218,50
218,57
218,76
0,219,0.0010121457489878543
219,1
219,24
219,27
219,50
219,59
219,76
0,220,0.0010121457489878543
220,2
220,14
220,29
220,50
220,60
220,76
0,221,0.0010121457489878543
221,3
221,25
221,41
221,48
221,57
221,78
0,222,0.006072874493927126
222,10
222,25
222,41
222,44
222,59
222,78
0,223,0.0010121457489878543
223,10
223,15
223,41
223,45
223,57
223,78
0,224,0.0010121457489878543
224,10
224,25
224,41
224,48
224,59
224,78
0,225,0.0010121457489878543
225,4
225,12
225,30
225,45
225,61
225,78
0,226,0.0010121457489878543
226,8
226,25
226,41
226,48
226,59
226,78
0,227,0.0010121457489878543
227,3
227,25
227,30
227,43
227,59
227,78
0,228,0.0010121457489878543
228,3
228,22
228,41
228,56
228,57
228,78
0,229,0.0010121457489878543
229,10
229,15
229,41
229,44
229,57
229,78
0,230,0.0010121457489878543
230,9
230,24
230,41
230,44
230,57
230,78
0,231,0.0010121457489878543
231,7
231,25
231,41
231,48
231,59
231,78
0,232,0.0010121457489878543
232,3
232,25
232,34
232,48
232,58
232,78
0,233,0.0010121457489878543
233,3
233,25
233,41
233,48
233,59
233,78
0,234,0.0010121457489878543
234,3
234,25
234,31
234,43
234,59
234,78
0,235,0.0010121457489878543
235,9
235,12
235,41
235,45
235,57
235,78
0,236,0.0010121457489878543
236,10
236,25
236,32
236,48
236,60
236,78
0,237,0.0010121457489878543
237,10
237,20
237,41
237,44
237,57
237,78
0,238,0.0020242914979757085
238,6
238,22
238,41
238,48
238,57
238,78
0,239,0.0010121457489878543
239,7
239,18
239,41
239,55
239,58
239,78
0,240,0.0010121457489878543
240,7
240,25
240,34
240,48
240,59
240,78
0,241,0.0020242914979757085
241,4
241,25
241,41
241,48
241,59
241,78
0,242,0.0010121457489878543
242,6
242,18
242,34
242,48
242,58
242,78
0,243,0.0010121457489878543
243,10
243,11
243,30
243,44
243,57
243,78
0,244,0.0010121457489878543
244,10
244,25
244,34
244,44
244,59
244,78
0,245,0.0010121457489878543
245,9
245,12
245,41
245,48
245,57
245,78
0,246,0.0010121457489878543
246,10
246,18
246,41
246,45
246,58
246,78
0,247,0.0010121457489878543
247,9
247,22
247,41
247,48
247,57
247,78
0,248,0.0010121457489878543
248,6
248,17
248,41
248,44
248,57
248,78
0,249,0.0010121457489878543
249,3
249,25
249,34
249,48
249,59
249,78
0,250,0.0010121457489878543
250,4
250,25
250,41
250,44
250,58
250,78
0,251,0.0010121457489878543
251,10
251,18
251,30
251,44
251,59
251,78
0,252,0.0010121457489878543
252,9
252,25
252,41
252,48
252,59
252,78
0,253,0.0010121457489878543
253,6
253,25
253,34
253,43
253,59
253,78
0,254,0.0010121457489878543
254,3
254,24
254,34
254,48
254,57
254,78
0,255,0.0010121457489878543
255,2
255,15
255,39
255,50
255,57
255,66
0,256,0.0010121457489878543
256,2
256,18
256,36
256,50
256,57
256,66
0,257,0.0010121457489878543
257,1
257,15
257,42
257,53
257,59
257,66
0,258,0.0010121457489878543
258,2
258,18
258,40
258,50
258,58
258,66
0,259,0.0010121457489878543
259,1
259,16
259,39
259,54
259,57
259,66
0,260,0.0010121457489878543
260,2
260,19
260,35
260,50
260,61
260,66
0,261,0.0020242914979757085
261,2
261,16
261,39
261,50
261,57
261,66
0,262,0.0020242914979757085
262,2
262,24
262,39
262,50
262,57
262,66
0,263,0.0010121457489878543
263,2
263,26
263,40
263,45
263,59
263,66
0,264,0.0010121457489878543
264,1
264,11
264,39
264,51
264,61
264,66
0,265,0.0010121457489878543
265,1
265,13
265,29
265,52
265,61
265,66
0,266,0.0010121457489878543
266,1
266,18
266,36
266,51
266,58
266,66
0,267,0.0010121457489878543
267,2
267,16
267,34
267,50
267,57
267,66
0,268,0.0010121457489878543
268,2
268,21
268,36
268,50
268,57
268,66
0,269,0.0010121457489878543
269,2
269,18
269,39
269,50
269,61
269,66
0,270,0.0010121457489878543
270,2
270,19
270,39
270,50
270,57
270,66
0,271,0.0010121457489878543
271,2
271,15
271,39
271,46
271,61
271,66
0,272,0.0010121457489878543
272,2
272,14
272,39
272,50
272,57
272,66
0,273,0.0010121457489878543
273,10
273,23
273,34
273,50
273,59
273,66
0,274,0.0010121457489878543
274,1
274,12
274,42
274,50
274,57
274,66
0,275,0.0010121457489878543
275,2
275,18
275,39
275,45
275,58
275,66
0,276,0.0010121457489878543
276,2
276,18
276,34
276,53
276,57
276,66
0,277,0.0010121457489878543
277,1
277,18
277,40
277,50
277,58
277,66
0,278,0.0010121457489878543
278,2
278,17
278,34
278,50
278,57
278,66
0,279,0.0010121457489878543
279,2
279,19
279,39
279,53
279,59
279,66
0,280,0.0010121457489878543
280,1
280,25
280,39
280,50
280,57
280,66
0,281,0.0010121457489878543
281,2
281,22
281,39
281,50
281,57
281,66
0,282,0.0010121457489878543
282,1
282,14
282,29
282,55
282,60
282,66
0,283,0.0010121457489878543
283,2
283,20
283,39
283,50
283,57
283,66
0,284,0.0010121457489878543
284,2
284,18
284,39
284,50
284,57
284,66
0,285,0.0010121457489878543
285,2
285,15
285,42
285,50
285,59
285,66
0,286,0.0010121457489878543
286,1
286,18
286,39
286,50
286,61
286,66
0,287,0.0010121457489878543
287,1
287,26
287,37
287,55
287,61
287,66
0,288,0.0010121457489878543
288,1
288,11
288,39
288,47
288,57
288,66
0,289,0.0010121457489878543
289,2
289,16
289,29
289,51
289,59
289,66
0,290,0.0010121457489878543
290,2
290,15
290,33
290,50
290,58
290,66
0,291,0.0010121457489878543
291,1
291,23
291,39
291,50
291,57
291,66
0,292,0.0010121457489878543
292,1
292,11
292,36
292,55
292,61
292,66
0,293,0.0010121457489878543
293,1
293,23
293,29
293,56
293,61
293,66
0,294,0.0010121457489878543
294,2
294,21
294,40
294,53
294,57
294,66
0,295,0.0010121457489878543
295,2
295,18
295,35
295,50
295,58
295,66
0,296,0.0010121457489878543
296,2
296,23
296,37
296,50
296,59
296,66
0,297,0.0010121457489878543
297,2
297,13
297,39
297,50
297,57
297,66
0,298,0.0010121457489878543
298,2
298,20
298,35
298,50
298,58
298,66
0,299,0.0010121457489878543
299,2
299,22
299,39
299,51
299,57
299,66
0,300,0.0010121457489878543
300,4
300,21
300,34
300,54
300,57
300,74
0,301,0.0010121457489878543
301,4
301,17
301,36
301,54
301,61
301,74
0,302,0.0010121457489878543
302,4
302,11
302,40
302,47
302,57
302,74
0,303,0.0010121457489878543
303,4
303,19
303,35
303,43
303,59
303,74
0,304,0.0010121457489878543
304,4
304,12
304,29
304,50
304,59
304,74
0,305,0.0010121457489878543
305,4
305,14
305,35
305,54
305,61
305,74
0,306,0.0010121457489878543
306,4
306,19
306,41
306,47
306,59
306,74
0,307,0.0010121457489878543
307,4
307,11
307,40
307,54
307,59
307,74
0,308,0.0010121457489878543
308,4
308,16
308,35
308,54
308,59
308,74
0,309,0.0020242914979757085
309,4
309,16
309,40
309,54
309,59
309,74
0,310,0.003036437246963563
310,4
310,16
310,36
310,50
310,59
310,74
0,311,0.0010121457489878543
311,1
311,12
311,40
311,47
311,60
311,74
0,312,0.0010121457489878543
312,4
312,11
312,36
312,54
312,59
312,74
0,313,0.0010121457489878543
313,2
313,16
313,29
313,56
313,61
313,74
0,314,0.0010121457489878543
314,4
314,14
314,29
314,50
314,59
314,74
0,315,0.0010121457489878543
315,10
315,11
315,34
315,45
315,59
315,74
0,316,0.0010121457489878543
316,4
316,17
316,33
316,52
316,59
316,74
0,317,0.0010121457489878543
317,4
317,24
317,29
317,54
317,60
317,74
0,318,0.0010121457489878543
318,4
318,22
318,37
318,47
318,57
318,74
0,319,0.0010121457489878543
319,4
319,22
319,40
319,46
319,59
319,74
0,320,0.0010121457489878543
320,4
320,12
320,29
320,54
320,59
320,74
0,321,0.0010121457489878543
321,4
321,16
321,29
321,50
321,59
321,74
0,322,0.0010121457489878543
322,4
322,16
322,40
322,52
322,60
322,74
0,323,0.0010121457489878543
323,4
323,24
323,30
323,54
323,57
323,74
0,324,0.0020242914979757085
324,4
324,11
324,29
324,54
324,59
324,74
0,325,0.0010121457489878543
325,4
325,23
325,34
325,56
325,60
325,74
0,326,0.0010121457489878543
326,4
326,16
326,29
326,47
326,59
326,74
0,327,0.0010121457489878543
327,1
327,16
327,40
327,53
327,60
327,74
0,328,0.0010121457489878543
328,4
328,11
328,29
328,47
328,59
328,74
0,329,0.0010121457489878543
329,4
329,16
329,32
329,50
329,59
329,74
0,330,0.0010121457489878543
330,4
330,18
330,33
330,54
330,58
330,74
0,331,0.0010121457489878543
331,8
331,19
331,40
331,50
331,57
331,74
0,332,0.0010121457489878543
332,1
332,16
332,30
332,47
332,60
332,74
0,333,0.0010121457489878543
333,4
333,12
333,34
333,50
333,59
333,74
0,334,0.0010121457489878543
334,1
334,24
334,27
334,47
334,57
334,74
0,335,0.0010121457489878543
335,4
335,11
335,27
335,54
335,59
335,74
0,336,0.0010121457489878543
336,4
336,17
336,34
336,50
336,59
336,74
0,337,0.0010121457489878543
337,4
337,22
337,39
337,47
337,60
337,74
0,338,0.0010121457489878543
338,8
338,12
338,29
338,53
338,61
338,74
0,339,0.0010121457489878543
339,6
339,16
339,40
339,47
339,61
339,74
0,340,0.0010121457489878543
340,1
340,11
340,41
340,47
340,59
340,74
0,341,0.0010121457489878543
341,9
341,16
341,40
341,56
341,58
341,74
0,342,0.0010121457489878543
342,6
342,16
342,40
342,51
342,59
342,74
0,343,0.0010121457489878543
343,6
343,21
343,37
343,56
343,57
343,72
0,344,0.0010121457489878543
344,6
344,14
344,41
344,45
344,57
344,72
0,345,0.00708502024291498
345,6
345,20
345,41
345,45
345,57
345,72
0,346,0.0010121457489878543
346,6
346,13
346,42
346,46
346,57
346,72
0,347,0.0010121457489878543
347,6
347,16
347,32
347,45
347,57
347,72
0,348,0.0010121457489878543
348,6
348,24
348,32
348,45
348,59
348,72
0,349,0.0020242914979757085
349,6
349,21
349,41
349,45
349,57
349,72
0,350,0.0010121457489878543
350,3
350,23
350,41
350,45
350,57
350,72
0,351,0.0010121457489878543
351,6
351,16
351,41
351,52
351,59
351,72
0,352,0.0010121457489878543
352,6
352,11
352,41
352,45
352,59
352,72
0,353,0.0010121457489878543
353,6
353,16
353,41
353,45
353,60
353,72
0,354,0.0010121457489878543
354,2
354,15
354,33
354,50
354,57
354,72
0,355,0.0010121457489878543
355,1
355,16
355,41
355,54
355,59
355,72
0,356,0.0010121457489878543
356,1
356,25
356,41
356,56
356,59
356,72
0,357,0.0010121457489878543
357,6
357,24
357,41
357,45
357,57
357,72
0,358,0.0010121457489878543
358,6
358,18
358,41
358,45
358,58
358,72
0,359,0.0010121457489878543
359,6
359,23
359,41
359,45
359,57
359,72
0,360,0.0010121457489878543
360,6
360,16
360,41
360,45
360,59
360,72
0,361,0.0010121457489878543
361,6
361,16
361,41
361,44
361,57
361,72
0,362,0.0010121457489878543
362,6
362,23
362,27
362,53
362,59
362,72
0,363,0.0020242914979757085
363,6
363,17
363,41
363,45
363,57
363,72
0,364,0.0010121457489878543
364,6
364,24
364,37
364,45
364,57
364,72
0,365,0.003036437246963563
365,6
365,25
365,41
365,45
365,57
365,72
0,366,0.0010121457489878543
366,9
366,11
366,41
366,44
366,59
366,72
0,367,0.0010121457489878543
367,6
367,26
367,41
367,45
367,57
367,72
0,368,0.0010121457489878543
368,6
368,16
368,41
368,56
368,57
368,72
0,369,0.0010121457489878543
369,1
369,16
369,34
369,45
369,59
369,72
0,370,0.0010121457489878543
370,6
370,13
370,41
370,44
370,57
370,72
0,371,0.0010121457489878543
371,2
371,20
371,41
371,51
371,59
371,72
0,372,0.0010121457489878543
372,1
372,16
372,41
372,52
372,57
372,72
0,373,0.0010121457489878543
373,2
373,11
373,41
373,56
373,59
373,72
0,374,0.0010121457489878543
374,6
374,13
374,41
374,45
374,57
374,72
0,375,0.0010121457489878543
375,6
375,18
375,41
375,45
375,61
375,72
0,376,0.0010121457489878543
376,6
376,18
376,41
376,45
376,57
376,72
0,377,0.0010121457489878543
377,4
377,17
377,41
377,52
377,57
377,72
0,378,0.0010121457489878543
378,1
378,11
378,29
378,50
378,61
378,81
0,379,0.0010121457489878543
379,1
379,16
379,31
379,52
379,59
379,81
0,380,0.0010121457489878543
380,1
380,13
380,30
380,50
380,59
380,81
0,381,0.0010121457489878543
381,4
381,11
381,28
381,50
381,57
381,81
0,382,0.0010121457489878543
382,1
382,18
382,42
382,50
382,59
382,81
0,383,0.0010121457489878543
383,1
383,16
383,29
383,50
383,61
383,81
0,384,0.0010121457489878543
384,1
384,13
384,41
384,54
384,59
384,81
0,385,0.0020242914979757085
385,1
385,11
385,40
385,50
385,59
385,81
0,386,0.0010121457489878543
386,1
386,17
386,41
386,50
386,57
386,81
0,387,0.0010121457489878543
387,1
387,13
387,39
387,50
387,59
387,81
0,388,0.0010121457489878543
388,1
388,13
388,42
388,50
388,59
388,81
0,389,0.0010121457489878543
389,1
389,16
389,41
389,52
389,59
389,81
0,390,0.0010121457489878543
390,5
390,14
390,41
390,52
390,59
390,81
0,391,0.0010121457489878543
391,1
391,26
391,39
391,50
391,57
391,81
0,392,0.0010121457489878543
392,1
392,16
392,34
392,52
392,59
392,81
0,393,0.0010121457489878543
393,3
393,13
393,31
393,50
393,61
393,81
0,394,0.0010121457489878543
394,1
394,11
394,30
394,50
394,59
394,81
0,395,0.0010121457489878543
395,1
395,11
395,41
395,50
395,57
395,81
0,396,0.0010121457489878543
396,1
396,11
396,34
396,52
396,59
396,81
0,397,0.0010121457489878543
397,1
397,11
397,32
397,50
397,59
397,81
0,398,0.0010121457489878543
398,1
398,13
398,41
398,50
398,59
398,81
0,399,0.0010121457489878543
399,1
399,11
399,41
399,54
399,59
399,81
0,400,0.0010121457489878543
400,1
400,13
400,28
400,50
400,59
400,81
0,401,0.0010121457489878543
401,2
401,13
401,34
401,50
401,59
401,81
0,402,0.0010121457489878543
402,1
402,13
402,41
402,52
402,59
402,81
0,403,0.0010121457489878543
403,1
403,13
403,30
403,54
403,61
403,81
0,404,0.003036437246963563
404,1
404,16
404,41
404,50
404,59
404,81
0,405,0.0010121457489878543
405,4
405,16
405,34
405,50
405,59
405,81
0,406,0.0010121457489878543
406,4
406,15
406,41
406,52
406,57
406,81
0,407,0.0010121457489878543
407,1
407,11
407,37
407,50
407,59
407,81
0,408,0.0020242914979757085
408,1
408,11
408,41
408,50
408,59
408,81
0,409,0.0010121457489878543
409,1
409,16
409,40
409,50
409,59
409,81
0,410,0.0010121457489878543
410,1
410,13
410,32
410,50
410,59
410,81
0,411,0.0010121457489878543
411,1
411,14
411,41
411,50
411,59
411,81
0,412,0.0010121457489878543
412,1
412,11
412,42
412,50
412,59
412,81
0,413,0.0010121457489878543
413,1
413,11
413,41
413,51
413,59
413,81
0,414,0.0010121457489878543
414,1
414,16
414,35
414,50
414,59
414,81
0,415,0.0020242914979757085
415,1
415,13
415,34
415,50
415,59
415,81
0,416,0.0010121457489878543
416,1
416,13
416,35
416,53
416,59
416,81
0,417,0.0010121457489878543
417,1
417,13
417,34
417,43
417,59
417,81
0,418,0.0010121457489878543
418,1
418,26
418,34
418,50
418,57
418,81
0,419,0.0010121457489878543
419,1
419,18
419,41
419,52
419,58
419,81
0,420,0.0010121457489878543
420,1
420,13
420,35
420,50
420,59
420,81
0,421,0.0010121457489878543
421,1
421,13
421,36
421,50
421,57
421,81
0,422,0.0010121457489878543
422,1
422,18
422,35
422,50
422,59
422,81
0,423,0.0010121457489878543
423,4
423,21
423,41
423,50
423,57
423,73
0,424,0.0010121457489878543
424,7
424,21
424,41
424,50
424,57
424,73
0,425,0.0020242914979757085
425,7
425,18
425,41
425,47
425,58
425,73
0,426,0.0010121457489878543
426,7
426,13
426,29
426,47
426,59
426,73
0,427,0.0010121457489878543
427,7
427,19
427,30
427,47
427,61
427,73
0,428,0.0010121457489878543
428,7
428,18
428,34
428,47
428,58
428,73
0,429,0.0010121457489878543
429,7
429,18
429,31
429,47
429,58
429,73
0,430,0.0010121457489878543
430,8
430,15
430,34
430,47
430,58
430,73
0,431,0.0010121457489878543
431,7
431,16
431,30
431,47
431,59
431,73
0,432,0.0010121457489878543
432,7
432,23
432,41
432,47
432,57
432,73
0,433,0.0010121457489878543
433,7
433,13
433,31
433,47
433,59
433,73
0,434,0.0010121457489878543
434,7
434,14
434,30
434,43
434,57
434,73
0,435,0.0010121457489878543
435,7
435,14
435,30
435,47
435,61
435,73
0,436,0.0010121457489878543
436,3
436,17
436,30
436,50
436,60
436,73
0,437,0.0010121457489878543
437,7
437,13
437,41
437,47
437,58
437,73
0,438,0.0010121457489878543
438,7
438,17
438,29
438,47
438,58
438,73
0,439,0.0010121457489878543
439,7
439,24
439,40
439,47
439,58
439,73
0,440,0.0010121457489878543
440,3
440,19
440,30
440,45
440,60
440,73
0,441,0.0010121457489878543
441,7
441,21
441,41
441,47
441,61
441,73
0,442,0.0010121457489878543
442,7
442,25
442,33
442,47
442,61
442,73
0,443,0.0020242914979757085
443,7
443,18
443,40
443,47
443,58
443,73
0,444,0.0010121457489878543
444,7
444,18
444,32
444,47
444,58
444,73
0,445,0.0010121457489878543
445,7
445,19
445,32
445,47
445,60
445,73
0,446,0.0010121457489878543
446,7
446,13
446,34
446,47
446,59
446,73
0,447,0.0010121457489878543
447,1
447,12
447,33
447,53
447,57
447,73
0,448,0.0010121457489878543
448,2
448,19
448,34
448,55
448,61
448,73
0,449,0.0010121457489878543
449,7
449,13
449,30
449,47
449,58
449,73
0,450,0.0010121457489878543
450,8
450,18
450,32
450,47
450,58
450,73
0,451,0.0010121457489878543
451,7
451,13
451,39
451,47
451,59
451,73
0,452,0.0010121457489878543
452,7
452,11
452,32
452,50
452,57
452,73
0,453,0.0010121457489878543
453,7
453,23
453,42
453,47
453,60
453,73
0,454,0.0010121457489878543
454,7
454,11
454,41
454,47
454,57
454,73
0,455,0.0010121457489878543
455,4
455,19
455,38
455,47
455,60
455,73
0,456,0.0010121457489878543
456,7
456,20
456,30
456,47
456,61
456,73
0,457,0.0010121457489878543
457,7
457,16
457,39
457,47
457,58
457,73
0,458,0.0010121457489878543
458,7
458,24
458,34
458,47
458,58
458,73
0,459,0.0010121457489878543
459,7
459,18
459,42
459,47
459,60
459,73
0,460,0.0010121457489878543
460,7
460,18
460,35
460,50
460,57
460,73
0,461,0.0010121457489878543
461,7
461,19
461,41
461,47
461,59
461,73
0,462,0.0010121457489878543
462,7
462,18
462,37
462,47
462,58
462,73
0,463,0.0010121457489878543
463,7
463,11
463,40
463,47
463,57
463,73
0,464,0.0010121457489878543
464,7
464,18
464,42
464,54
464,57
464,73
0,465,0.0010121457489878543
465,7
465,18
465,27
465,53
465,58
465,73
0,466,0.0010121457489878543
466,1
466,19
466,30
466,47
466,59
466,73
0,467,0.0010121457489878543
467,7
467,18
467,39
467,47
467,58
467,73
0,468,0.0010121457489878543
468,7
468,21
468,41
468,47
468,57
468,73
0,469,0.0010121457489878543
469,10
469,11
469,32
469,51
469,59
469,62
0,470,0.0020242914979757085
470,2
470,11
470,41
470,45
470,59
470,62
0,471,0.0010121457489878543
471,2
471,11
471,34
471,44
471,61
471,62
0,472,0.0010121457489878543
472,6
472,11
472,41
472,43
472,59
472,62
0,473,0.0010121457489878543
473,2
473,18
473,41
473,55
473,58
473,62
0,474,0.0020242914979757085
474,10
474,18
474,41
474,56
474,58
474,62
0,475,0.0010121457489878543
475,2
475,11
475,41
475,50
475,59
475,62
0,476,0.0010121457489878543
476,10
476,16
476,41
476,51
476,59
476,62
0,477,0.0010121457489878543
477,9
477,18
477,41
477,44
477,57
477,62
0,478,0.005060728744939271
478,10
478,11
478,41
478,56
478,59
478,62
0,479,0.0010121457489878543
479,10
479,23
479,32
479,55
479,61
479,62
0,480,0.0010121457489878543
480,2
480,25
480,41
480,51
480,57
480,62
0,481,0.0010121457489878543
481,9
481,15
481,27
481,44
481,57
481,62
0,482,0.0010121457489878543
482,10
482,18
482,32
482,55
482,58
482,62
0,483,0.0010121457489878543
483,10
483,11
483,41
483,44
483,59
483,62
0,484,0.0010121457489878543
484,2
484,11
484,39
484,56
484,59
484,62
0,485,0.0010121457489878543
485,10
485,18
485,27
485,44
485,58
485,62
0,486,0.0010121457489878543
486,2
486,13
486,41
486,51
486,61
486,62
0,487,0.0020242914979757085
487,10
487,18
487,34
487,44
487,58
487,62
0,488,0.0010121457489878543
488,10
488,13
488,40
488,51
488,59
488,62
0,489,0.0010121457489878543
489,2
489,16
489,34
489,51
489,58
489,62
0,490,0.0010121457489878543
490,2
490,15
490,41
490,51
490,57
490,62
0,491,0.0010121457489878543
491,10
491,25
491,41
491,56
491,59
491,62
0,492,0.0010121457489878543
492,9
492,16
492,41
492,45
492,59
492,62
0,493,0.0010121457489878543
493,10
493,11
493,41
493,51
493,59
493,62
0,494,0.0010121457489878543
494,10
494,11
494,41
494,56
494,57
494,62
0,495,0.0010121457489878543
495,10
495,11
495,28
495,46
495,59
495,62
0,496,0.0010121457489878543
496,9
496,19
496,34
496,55
496,61
496,62
0,497,0.0010121457489878543
497,2
497,23
497,37
497,51
497,61
497,62
0,498,0.0010121457489878543
498,10
498,17
498,41
498,54
498,59
498,62
0,499,0.0010121457489878543
499,10
499,21
499,37
499,45
499,57
499,62
0,500,0.0010121457489878543
500,10
500,11
500,41
500,44
500,58
500,62
0,501,0.0010121457489878543
501,2
501,11
501,34
501,56
501,59
501,62
0,502,0.0010121457489878543
502,2
502,16
502,41
502,56
502,59
502,62
0,503,0.0010121457489878543
503,1
503,25
503,37
503,52
503,57
503,62
0,504,0.0010121457489878543
504,5
504,23
504,41
504,44
504,57
504,62
0,505,0.0010121457489878543
505,10
505,11
505,41
505,44
505,61
505,62
0,506,0.0010121457489878543
506,4
506,19
506,40
506,54
506,60
506,82
0,507,0.0010121457489878543
507,1
507,19
507,34
507,54
507,60
507,82
0,508,0.0010121457489878543
508,4
508,13
508,34
508,54
508,60
508,82
0,509,0.0010121457489878543
509,4
509,26
509,27
509,54
509,61
509,82
0,510,0.0010121457489878543
510,4
510,12
510,38
510,54
510,60
510,82
0,511,0.0010121457489878543
511,1
511,18
511,34
511,54
511,60
511,82
0,512,0.0010121457489878543
512,1
512,13
512,28
512,54
512,60
512,82
0,513,0.003036437246963563
513,4
513,11
513,34
513,54
513,60
513,82
0,514,0.0010121457489878543
514,1
514,18
514,32
514,52
514,61
514,82
0,515,0.0010121457489878543
515,1
515,17
515,27
515,50
515,60
515,82
0,516,0.0020242914979757085
516,4
516,15
516,34
516,54
516,60
516,82
0,517,0.0010121457489878543
517,1
517,18
517,34
517,53
517,58
517,82
0,518,0.0010121457489878543
518,4
518,26
518,41
518,54
518,60
518,82
0,519,0.0010121457489878543
519,1
519,14
519,34
519,50
519,60
519,82
0,520,0.0010121457489878543
520,4
520,17
520,34
520,54
520,60
520,82
0,521,0.0010121457489878543
521,4
521,25
521,41
521,54
521,61
521,82
0,522,0.0020242914979757085
522,4
522,19
522,34
522,54
522,60
522,82
0,523,0.0010121457489878543
523,4
523,22
523,32
523,54
523,60
523,82
0,524,0.0010121457489878543
524,1
524,14
524,34
524,54
524,57
524,82
0,525,0.0010121457489878543
525,1
525,16
525,36
525,51
525,60
525,82
0,526,0.0010121457489878543
526,1
526,18
526,41
526,54
526,58
526,82
0,527,0.0010121457489878543
527,1
527,14
527,34
527,54
527,60
527,82
0,528,0.0010121457489878543
528,8
528,18
528,34
528,52
528,58
528,82
0,529,0.0010121457489878543
529,1
529,20
529,34
529,54
529,60
529,82
0,530,0.0010121457489878543
530,4
530,23
530,34
530,51
530,57
530,82
0,531,0.0010121457489878543
531,1
531,23
531,32
531,54
531,60
531,82
0,532,0.0010121457489878543
532,1
532,17
532,29
532,54
532,60
532,82
0,533,0.0010121457489878543
533,4
533,18
533,30
533,54
533,60
533,82
0,534,0.0010121457489878543
534,4
534,20
534,30
534,54
534,60
534,82
0,535,0.0010121457489878543
535,1
535,12
535,34
535,54
535,58
535,82
0,536,0.0010121457489878543
536,1
536,22
536,41
536,50
536,60
536,82
0,537,0.0010121457489878543
537,4
537,24
537,34
537,54
537,60
537,82
0,538,0.0010121457489878543
538,4
538,22
538,34
538,54
538,60
538,82
0,539,0.0010121457489878543
539,1
539,13
539,37
539,54
539,61
539,82
0,540,0.0010121457489878543
540,1
540,24
540,32
540,51
540,60
540,82
0,541,0.0020242914979757085
541,1
541,26
541,30
541,54
541,60
541,82
0,542,0.0010121457489878543
542,4
542,24
542,38
542,54
542,60
542,82
0,543,0.0010121457489878543
543,1
543,25
543,31
543,51
543,61
543,82
0,544,0.0010121457489878543
544,4
544,24
544,41
544,54
544,60
544,82
0,545,0.0010121457489878543
545,4
545,16
545,35
545,54
545,60
545,82
0,546,0.0010121457489878543
546,1
546,11
546,27
546,46
546,60
546,82
0,547,0.0010121457489878543
547,1
547,25
547,40
547,50
547,60
547,82
0,548,0.0010121457489878543
548,1
548,21
548,34
548,47
548,60
548,82
0,549,0.0010121457489878543
549,1
549,13
549,35
549,47
549,60
549,82
0,550,0.0010121457489878543
550,4
550,25
550,34
550,54
550,60
550,82
0,551,0.0010121457489878543
551,4
551,25
551,39
551,54
551,61
551,82
0,552,0.0010121457489878543
552,4
552,21
552,34
552,54
552,60
552,82
0,553,0.0010121457489878543
553,10
553,11
553,27
553,56
553,59
553,67
0,554,0.003036437246963563
554,6
554,11
554,27
554,48
554,59
554,67
0,555,0.0010121457489878543
555,9
555,17
555,33
555,56
555,58
555,67
0,556,0.0010121457489878543
556,4
556,11
556,27
556,51
556,59
556,67
0,557,0.0010121457489878543
557,9
557,11
557,42
557,44
557,59
557,67
0,558,0.0010121457489878543
558,6
558,11
558,34
558,45
558,59
558,67
0,559,0.0010121457489878543
559,6
559,11
559,27
559,45
559,59
559,67
0,560,0.0020242914979757085
560,4
560,16
560,32
560,44
560,59
560,67
0,561,0.0010121457489878543
561,9
561,11
561,34
561,48
561,59
561,67
0,562,0.0010121457489878543
562,1
562,21
562,27
562,53
562,57
562,67
0,563,0.0010121457489878543
563,6
563,11
563,34
563,48
563,59
563,67
0,564,0.0010121457489878543
564,4
564,11
564,27
564,55
564,59
564,67
0,565,0.0010121457489878543
565,7
565,11
565,27
565,48
565,59
565,67
0,566,0.0020242914979757085
566,4
566,11
566,27
566,45
566,59
566,67
0,567,0.0010121457489878543
567,6
567,16
567,42
567,56
567,59
567,67
0,568,0.0010121457489878543
568,6
568,17
568,34
568,44
568,59
568,67
0,569,0.0010121457489878543
569,6
569,11
569,27
569,44
569,59
569,67
0,570,0.0010121457489878543
570,1
570,22
570,35
570,44
570,57
570,67
0,571,0.0010121457489878543
571,6
571,21
571,35
571,56
571,59
571,67
0,572,0.0010121457489878543
572,6
572,19
572,27
572,56
572,59
572,67
0,573,0.0010121457489878543
573,9
573,17
573,34
573,48
573,59
573,67
0,574,0.0010121457489878543
574,9
574,13
574,34
574,44
574,59
574,67
0,575,0.0010121457489878543
575,9
575,17
575,33
575,45
575,59
575,67
0,576,0.003036437246963563
576,6
576,11
576,27
576,56
576,59
576,67
0,577,0.0010121457489878543
577,6
577,18
577,27
577,48
577,59
577,67
0,578,0.0010121457489878543
578,4
578,11
578,34
578,43
578,59
578,67
0,579,0.0010121457489878543
579,1
579,24
579,42
579,43
579,57
579,67
0,580,0.0010121457489878543
580,6
580,18
580,42
580,56
580,59
580,67
0,581,0.0010121457489878543
581,9
581,26
581,34
581,44
581,59
581,67
0,582,0.004048582995951417
582,9
582,11
582,27
582,44
582,59
582,67
0,583,0.0010121457489878543
583,6
583,25
583,32
583,56
583,59
583,67
0,584,0.0010121457489878543
584,4
584,11
584,34
584,44
584,58
584,67
0,585,0.0010121457489878543
585,2
585,13
585,29
585,56
585,59
585,67
0,586,0.0010121457489878543
586,9
586,11
586,29
586,56
586,59
586,67
0,587,0.0010121457489878543
587,6
587,20
587,34
587,56
587,59
587,67
0,588,0.0010121457489878543
588,6
588,23
588,34
588,48
588,57
588,67
0,589,0.0010121457489878543
589,4
589,13
589,30
589,44
589,61
589,67
0,590,0.0010121457489878543
590,9
590,18
590,34
590,48
590,59
590,67
0,591,0.0010121457489878543
591,6
591,18
591,34
591,44
591,58
591,67
0,592,0.0010121457489878543
592,6
592,11
592,36
592,48
592,59
592,67
0,593,0.0010121457489878543
593,4
593,22
593,41
593,45
593,57
593,79
0,594,0.0010121457489878543
594,4
594,16
594,41
594,43
594,59
594,79
0,595,0.008097165991902834
595,4
595,16
595,41
595,45
595,59
595,79
0,596,0.0010121457489878543
596,1
596,26
596,41
596,45
596,57
596,79
0,597,0.0010121457489878543
597,4
597,16
597,32
597,53
597,59
597,79
0,598,0.0020242914979757085
598,4
598,25
598,41
598,45
598,59
598,79
0,599,0.0010121457489878543
599,4
599,16
599,41
599,55
599,59
599,79
0,600,0.0010121457489878543
600,6
600,25
600,41
600,45
600,58
600,79
0,601,0.0010121457489878543
601,4
601,14
601,41
601,50
601,59
601,79
0,602,0.0010121457489878543
602,7
602,16
602,41
602,47
602,61
602,79
0,603,0.0010121457489878543
603,9
603,22
603,41
603,51
603,59
603,79
0,604,0.0010121457489878543
604,4
604,24
604,41
604,45
604,61
604,79
0,605,0.0010121457489878543
605,5
605,21
605,41
605,45
605,60
605,79
0,606,0.0010121457489878543
606,4
606,25
606,41
606,45
606,58
606,79
0,607,0.0010121457489878543
607,3
607,16
607,41
607,51
607,59
607,79
0,608,0.0010121457489878543
608,4
608,22
608,41
608,54
608,57
608,79
0,609,0.0010121457489878543
609,3
609,16
609,41
609,52
609,59
609,79
0,610,0.005060728744939271
610,4
610,16
610,41
610,52
610,59
610,79
0,611,0.0010121457489878543
611,4
611,16
611,41
611,45
611,61
611,79
0,612,0.0010121457489878543
612,4
612,25
612,41
612,45
612,57
612,79
0,613,0.0010121457489878543
613,1
613,19
613,34
613,45
613,57
613,79
0,614,0.0010121457489878543
614,1
614,20
614,35
614,53
614,59
614,79
0,615,0.0010121457489878543
615,4
615,18
615,41
615,47
615,57
615,79
0,616,0.0010121457489878543
616,4
616,16
616,32
616,52
616,57
616,79
0,617,0.0010121457489878543
617,4
617,14
617,41
617,52
617,57
617,79
0,618,0.0010121457489878543
618,4
618,16
618,32
618,54
618,59
618,79
0,619,0.0010121457489878543
619,8
619,16
619,34
619,44
619,57
619,79
0,620,0.0010121457489878543
620,4
620,17
620,41
620,45
620,59
620,79
0,621,0.0010121457489878543
621,4
621,21
621,41
621,45
621,57
621,79
0,622,0.0010121457489878543
622,4
622,16
622,41
622,50
622,59
622,79
0,623,0.0010121457489878543
623,4
623,18
623,41
623,52
623,58
623,79
0,624,0.0010121457489878543
624,4
624,25
624,41
624,44
624,59
624,79
0,625,0.0010121457489878543
625,1
625,13
625,40
625,50
625,61
625,79
0,626,0.0010121457489878543
626,1
626,16
626,41
626,50
626,59
626,79
0,627,0.0010121457489878543
627,4
627,16
627,41
627,52
627,57
627,79
0,628,0.0010121457489878543
628,4
628,25
628,41
628,52
628,59
628,79
0,629,0.0010121457489878543
629,4
629,14
629,41
629,45
629,57
629,79
0,630,0.0010121457489878543
630,4
630,17
630,42
630,50
630,57
630,77
0,631,0.0010121457489878543
631,4
631,17
631,36
631,50
631,61
631,77
0,632,0.0010121457489878543
632,1
632,26
632,36
632,50
632,57
632,77
0,633,0.0010121457489878543
633,4
633,19
633,36
633,50
633,57
633,77
0,634,0.003036437246963563
634,1
634,20
634,42
634,50
634,57
634,77
0,635,0.0010121457489878543
635,4
635,14
635,42
635,50
635,57
635,77
0,636,0.0010121457489878543
636,2
636,17
636,36
636,50
636,61
636,77
0,637,0.0010121457489878543
637,4
637,26
637,42
637,46
637,59
637,77
0,638,0.0010121457489878543
638,4
638,11
638,36
638,54
638,61
638,77
0,639,0.0010121457489878543
639,1
639,20
639,36
639,54
639,57
639,77
0,640,0.0010121457489878543
640,4
640,11
640,36
640,50
640,59
640,77
0,641,0.0010121457489878543
641,1
641,18
641,36
641,50
641,57
641,77
0,642,0.0010121457489878543
642,4
642,11
642,42
642,50
642,60
642,77
0,643,0.0010121457489878543
643,1
643,22
643,42
643,50
643,61
643,77
0,644,0.0010121457489878543
644,1
644,16
644,36
644,50
644,57
644,77
0,645,0.0010121457489878543
645,1
645,11
645,31
645,52
645,57
645,77
0,646,0.0010121457489878543
646,4
646,19
646,39
646,50
646,57
646,77
0,647,0.0020242914979757085
647,2
647,12
647,42
647,50
647,61
647,77
0,648,0.0010121457489878543
648,1
648,13
648,29
648,50
648,61
648,77
0,649,0.0010121457489878543
649,2
649,15
649,42
649,51
649,60
649,77
0,650,0.0010121457489878543
650,4
650,14
650,27
650,46
650,57
650,77
0,651,0.0010121457489878543
651,4
651,20
651,36
651,50
651,57
651,77
0,652,0.0010121457489878543
652,4
652,26
652,42
652,50
652,61
652,77
0,653,0.0010121457489878543
653,2
653,18
653,36
653,54
653,58
653,77
0,654,0.0010121457489878543
654,2
654,26
654,41
654,51
654,57
654,77
0,655,0.0010121457489878543
655,1
655,11
655,37
655,50
655,59
655,77
0,656,0.0010121457489878543
656,1
656,16
656,42
656,47
656,57
656,77
0,657,0.0010121457489878543
657,1
657,12
657,35
657,50
657,57
657,77
0,658,0.0010121457489878543
658,2
658,26
658,42
658,50
658,57
658,77
0,659,0.0010121457489878543
659,2
659,14
659,42
659,50
659,61
659,77
0,660,0.0010121457489878543
660,2
660,13
660,36
660,53
660,61
660,77
0,661,0.0010121457489878543
661,1
661,23
661,36
661,50
661,57
661,77
0,662,0.0010121457489878543
662,1
662,16
662,42
662,50
662,57
662,77
0,663,0.0010121457489878543
663,1
663,26
663,29
663,50
663,57
663,77
0,664,0.0010121457489878543
664,1
664,12
664,42
664,50
664,57
664,77
0,665,0.0010121457489878543
665,1
665,15
665,42
665,50
665,61
665,77
0,666,0.0010121457489878543
666,1
666,15
666,36
666,50
666,61
666,77
0,667,0.0010121457489878543
667,1
667,18
667,29
667,50
667,58
667,77
0,668,0.0020242914979757085
668,1
668,18
668,42
668,50
668,58
668,77
0,669,0.0010121457489878543
669,1
669,14
669,40
669,47
669,57
669,77
0,670,0.0010121457489878543
670,1
670,18
670,39
670,50
670,61
670,77
0,671,0.0010121457489878543
671,2
671,25
671,36
671,50
671,61
671,77
0,672,0.0010121457489878543
672,2
672,25
672,36
672,50
672,57
672,77
0,673,0.0010121457489878543
673,2
673,20
673,42
673,50
673,57
673,77
0,674,0.0010121457489878543
674,2
674,24
674,36
674,50
674,61
674,77
0,675,0.0010121457489878543
675,1
675,20
675,41
675,54
675,60
675,68
0,676,0.0010121457489878543
676,1
676,12
676,30
676,50
676,60
676,68
0,677,0.0010121457489878543
677,3
677,17
677,41
677,53
677,60
677,68
0,678,0.0010121457489878543
678,4
678,17
678,41
678,50
678,57
678,68
0,679,0.0010121457489878543
679,4
679,13
679,41
679,54
679,61
679,68
0,680,0.0010121457489878543
680,5
680,13
680,30
680,49
680,60
680,68
0,681,0.0010121457489878543
681,4
681,13
681,41
681,50
681,61
681,68
0,682,0.0010121457489878543
682,3
682,19
682,34
682,54
682,60
682,68
0,683,0.003036437246963563
683,3
683,13
683,41
683,54
683,60
683,68
0,684,0.0010121457489878543
684,7
684,16
684,41
684,47
684,61
684,68
0,685,0.0010121457489878543
685,1
685,18
685,41
685,51
685,59
685,68
0,686,0.0010121457489878543
686,1
686,16
686,30
686,50
686,60
686,68
0,687,0.0010121457489878543
687,3
687,13
687,30
687,54
687,61
687,68
0,688,0.0010121457489878543
688,4
688,16
688,32
688,54
688,60
688,68
0,689,0.0010121457489878543
689,4
689,14
689,30
689,50
689,59
689,68
0,690,0.0010121457489878543
690,1
690,11
690,41
690,54
690,61
690,68
0,691,0.0010121457489878543
691,1
691,24
691,30
691,54
691,61
691,68
0,692,0.0010121457489878543
692,7
692,14
692,41
692,50
692,60
692,68
0,693,0.0020242914979757085
693,1
693,13
693,41
693,50
693,60
693,68
0,694,0.0010121457489878543
694,3
694,25
694,41
694,50
694,60
694,68
0,695,0.0010121457489878543
695,1
695,26
695,41
695,54
695,60
695,68
0,696,0.0010121457489878543
696,3
696,20
696,41
696,50
696,60
696,68
0,697,0.0010121457489878543
697,1
697,13
697,41
697,45
697,61
697,68
0,698,0.0010121457489878543
698,1
698,12
698,34
698,50
698,61
698,68
0,699,0.0010121457489878543
699,3
699,20
699,32
699,50
699,60
699,68
0,700,0.0010121457489878543
700,8
700,20
700,34
700,45
700,61
700,68
0,701,0.0010121457489878543
701,7
701,14
701,41
701,50
701,61
701,68
0,702,0.0010121457489878543
702,1
702,25
702,29
702,50
702,57
702,68
0,703,0.0010121457489878543
703,4
703,18
703,41
703,53
703,61
703,68
0,704,0.0010121457489878543
704,3
704,19
704,41
704,50
704,60
704,68
0,705,0.0010121457489878543
705,3
705,17
705,41
705,47
705,61
705,68
0,706,0.0010121457489878543
706,2
706,13
706,32
706,50
706,59
706,68
0,707,0.0010121457489878543
707,3
707,24
707,30
707,47
707,60
707,68
0,708,0.0010121457489878543
708,7
708,14
708,41
708,47
708,60
708,68
0,709,0.0010121457489878543
709,1
709,18
709,34
709,50
709,61
709,68
0,710,0.0010121457489878543
710,1
710,13
710,30
710,50
710,61
710,68
0,711,0.0010121457489878543
711,4
711,15
711,34
711,54
711,60
711,68
0,712,0.0010121457489878543
712,1
712,14
712,30
712,47
712,61
712,68
0,713,0.0010121457489878543
713,1
713,19
713,41
713,50
713,61
713,68
0,714,0.0010121457489878543
714,4
714,15
714,41
714,54
714,61
714,68
0,715,0.0010121457489878543
715,3
715,13
715,41
715,54
715,57
715,68
0,716,0.0010121457489878543
716,4
716,12
716,41
716,50
716,61
716,68
0,717,0.0010121457489878543
717,1
717,13
717,34
717,50
717,61
717,68
0,718,0.0010121457489878543
718,3
718,16
718,41
718,50
718,60
718,68
0,719,0.0010121457489878543
719,3
719,20
719,30
719,54
719,61
719,68
0,720,0.0010121457489878543
720,3
720,20
720,41
720,50
720,61
720,68
0,721,0.0010121457489878543
721,1
721,14
721,41
721,50
721,57
721,70
0,722,0.0010121457489878543
722,3
722,21
722,32
722,51
722,57
722,70
0,723,0.0010121457489878543
723,4
723,13
723,36
723,54
723,59
723,70
0,724,0.0010121457489878543
724,1
724,23
724,35
724,44
724,61
724,70
0,725,0.0010121457489878543
725,1
725,26
725,34
725,46
725,59
725,70
0,726,0.0010121457489878543
726,1
726,25
726,29
726,50
726,58
726,70
0,727,0.0010121457489878543
727,2
727,13
727,28
727,50
727,59
727,70
0,728,0.0010121457489878543
728,1
728,13
728,40
728,54
728,58
728,70
0,729,0.0010121457489878543
729,2
729,21
729,34
729,55
729,58
729,70
0,730,0.0010121457489878543
730,1
730,19
730,42
730,50
730,57
730,70
0,731,0.0010121457489878543
731,2
731,11
731,27
731,54
731,59
731,70
0,732,0.0010121457489878543
732,6
732,18
732,29
732,54
732,58
732,70
0,733,0.0010121457489878543
733,1
733,18
733,27
733,50
733,57
733,70
0,734,0.0010121457489878543
734,1
734,19
734,28
734,43
734,60
734,70
0,735,0.0010121457489878543
735,1
735,18
735,32
735,53
735,58
735,70
0,736,0.0010121457489878543
736,1
736,11
736,32
736,50
736,59
736,70
0,737,0.0010121457489878543
737,1
737,26
737,41
737,52
737,57
737,70
0,738,0.0010121457489878543
738,5
738,25
738,35
738,46
738,58
738,70
0,739,0.0010121457489878543
739,1
739,16
739,32
739,50
739,57
739,70
0,740,0.0010121457489878543
740,1
740,24
740,42
740,51
740,57
740,70
0,741,0.0010121457489878543
741,1
741,16
741,32
741,50
741,59
741,70
0,742,0.0010121457489878543
742,1
742,16
742,32
742,50
742,60
742,70
0,743,0.0010121457489878543
743,1
743,13
743,41
743,50
743,57
743,70
0,744,0.0010121457489878543
744,1
744,18
744,34
744,46
744,58
744,70
0,745,0.0020242914979757085
745,1
745,11
745,41
745,50
745,59
745,70
0,746,0.0010121457489878543
746,1
746,26
746,38
746,50
746,57
746,70
0,747,0.0010121457489878543
747,3
747,20
747,36
747,56
747,57
747,70
0,748,0.0010121457489878543
748,1
748,16
748,40
748,50
748,60
748,70
0,749,0.0010121457489878543
749,1
749,21
749,37
749,54
749,57
749,70
0,750,0.0010121457489878543
750,1
750,16
750,30
750,50
750,59
750,70
0,751,0.0010121457489878543
751,1
751,18
751,32
751,54
751,58
751,70
0,752,0.0010121457489878543
752,1
752,21
752,40
752,50
752,57
752,70
0,753,0.0010121457489878543
753,1
753,26
753,36
753,50
753,61
753,70
0,754,0.0010121457489878543
754,1
754,23
754,28
754,50
754,57
754,70
0,755,0.0010121457489878543
755,1
755,16
755,32
755,50
755,61
755,70
0,756,0.0010121457489878543
756,1
756,25
756,29
756,53
756,57
756,70
0,757,0.0010121457489878543
757,2
757,14
757,32
757,55
757,57
757,70
0,758,0.0010121457489878543
758,4
758,16
758,37
758,46
758,57
758,70
0,759,0.0010121457489878543
759,2
759,14
759,29
759,51
759,61
759,70
0,760,0.0010121457489878543
760,2
760,19
760,37
760,50
760,57
760,70
0,761,0.0010121457489878543
761,1
761,18
761,34
761,50
761,58
761,70
0,762,0.0010121457489878543
762,1
762,18
762,30
762,50
762,58
762,70
0,763,0.0010121457489878543
763,1
763,23
763,41
763,50
763,57
763,70
0,764,0.0010121457489878543
764,1
764,18
764,27
764,54
764,58
764,70
0,765,0.0010121457489878543
765,1
765,25
765,40
765,50
765,59
765,70
0,766,0.0010121457489878543
766,1
766,12
766,33
766,50
766,57
766,70
0,767,0.0010121457489878543
767,1
767,18
767,30
767,51
767,58
767,70
0,768,0.0010121457489878543
768,1
768,13
768,41
768,50
768,58
768,70
0,769,0.0010121457489878543
769,4
769,22
769,42
769,47
769,60
769,69
0,770,0.0010121457489878543
770,4
770,25
770,28
770,50
770,58
770,69
0,771,0.0010121457489878543
771,7
771,17
771,35
771,54
771,61
771,69
0,772,0.0010121457489878543
772,4
772,15
772,36
772,54
772,60
772,69
0,773,0.0010121457489878543
773,1
773,25
773,34
773,50
773,60
773,69
0,774,0.0010121457489878543
774,4
774,26
774,30
774,50
774,60
774,69
0,775,0.0010121457489878543
775,4
775,11
775,34
775,50
775,60
775,69
0,776,0.0010121457489878543
776,4
776,16
776,36
776,54
776,57
776,69
0,777,0.0010121457489878543
777,1
777,18
777,30
777,47
777,58
777,69
0,778,0.0010121457489878543
778,4
778,11
778,40
778,50
778,61
778,69
0,779,0.0010121457489878543
779,2
779,23
779,29
779,51
779,57
779,69
0,780,0.0010121457489878543
780,4
780,13
780,34
780,51
780,58
780,69
0,781,0.0010121457489878543
781,1
781,14
781,41
781,50
781,60
781,69
0,782,0.0010121457489878543
782,4
782,14
782,31
782,52
782,60
782,69
0,783,0.0010121457489878543
783,1
783,26
783,36
783,51
783,60
783,69
0,784,0.0010121457489878543
784,6
784,18
784,34
784,53
784,58
784,69
0,785,0.0010121457489878543
785,1
785,19
785,40
785,50
785,60
785,69
0,786,0.0010121457489878543
786,6
786,13
786,34
786,52
786,61
786,69
0,787,0.0010121457489878543
787,4
787,13
787,30
787,55
787,61
787,69
0,788,0.0010121457489878543
788,1
788,26
788,42
788,45
788,60
788,69
0,789,0.0010121457489878543
789,4
789,18
789,41
789,52
789,61
789,69
0,790,0.0010121457489878543
790,1
790,15
790,39
790,54
790,60
790,69
0,791,0.0010121457489878543
791,4
791,17
791,31
791,47
791,58
791,69
0,792,0.0010121457489878543
792,4
792,13
792,35
792,50
792,61
792,69
0,793,0.0010121457489878543
793,4
793,24
793,37
793,47
793,60
793,69
0,794,0.0010121457489878543
794,1
794,19
794,27
794,54
794,60
794,69
0,795,0.0010121457489878543
795,1
795,20
795,36
795,54
795,61
795,69
0,796,0.0010121457489878543
796,1
796,26
796,31
796,51
796,60
796,69
0,797,0.0010121457489878543
797,3
797,25
797,42
797,45
797,57
797,69
0,798,0.0010121457489878543
798,4
798,22
798,37
798,47
798,60
798,69
0,799,0.0010121457489878543
799,4
799,18
799,34
799,54
799,58
799,69
0,800,0.0010121457489878543
800,1
800,23
800,41
800,54
800,60
800,69
0,801,0.0010121457489878543
801,1
801,21
801,33
801,52
801,61
801,69
0,802,0.0010121457489878543
802,1
802,18
802,39
802,55
802,61
802,69
0,803,0.0010121457489878543
803,4
803,18
803,40
803,43
803,60
803,69
0,804,0.0010121457489878543
804,1
804,12
804,37
804,52
804,60
804,69
0,805,0.0010121457489878543
805,4
805,18
805,42
805,55
805,58
805,69
0,806,0.0010121457489878543
806,1
806,23
806,34
806,51
806,60
806,69
0,807,0.0010121457489878543
807,4
807,13
807,33
807,46
807,61
807,69
0,808,0.0010121457489878543
808,1
808,23
808,31
808,50
808,60
808,69
0,809,0.0010121457489878543
809,1
809,13
809,30
809,51
809,61
809,69
0,810,0.0010121457489878543
810,7
810,26
810,28
810,55
810,61
810,69
0,811,0.0010121457489878543
811,4
811,15
811,30
811,50
811,58
811,69
0,812,0.0010121457489878543
812,1
812,21
812,30
812,51
812,60
812,69
0,813,0.0010121457489878543
813,4
813,25
813,30
813,53
813,61
813,69
0,814,0.0010121457489878543
814,4
814,14
814,32
814,50
814,60
814,69
0,815,0.0010121457489878543
815,1
815,25
815,27
815,50
815,60
815,69
0,816,0.0010121457489878543
816,1
816,15
816,40
816,54
816,58
816,69
0,817,0.0010121457489878543
817,2
817,15
817,27
817,50
817,57
817,63
0,818,0.0010121457489878543
818,1
818,11
818,27
818,50
818,59
818,63
0,819,0.0010121457489878543
819,2
819,16
819,27
819,54
819,61
819,63
0,820,0.0010121457489878543
820,2
820,13
820,32
820,52
820,61
820,63
0,821,0.0010121457489878543
821,2
821,26
821,34
821,52
821,61
821,63
0,822,0.0010121457489878543
822,2
822,11
822,27
822,50
822,61
822,63
0,823,0.0010121457489878543
823,1
823,19
823,33
823,50
823,60
823,63
0,824,0.0010121457489878543
824,2
824,21
824,39
824,54
824,57
824,63
0,825,0.0010121457489878543
825,2
825,13
825,27
825,47
825,57
825,63
0,826,0.0020242914979757085
826,2
826,21
826,27
826,50
826,61
826,63
0,827,0.0010121457489878543
827,2
827,23
827,27
827,50
827,57
827,63
0,828,0.0010121457489878543
828,1
828,11
828,27
828,55
828,58
828,63
0,829,0.0010121457489878543
829,2
829,16
829,30
829,50
829,57
829,63
0,830,0.0010121457489878543
830,2
830,26
830,28
830,45
830,61
830,63
0,831,0.0010121457489878543
831,2
831,13
831,27
831,50
831,57
831,63
0,832,0.0010121457489878543
832,2
832,18
832,34
832,50
832,58
832,63
0,833,0.0010121457489878543
833,2
833,18
833,27
833,50
833,57
833,63
0,834,0.0010121457489878543
834,2
834,20
834,27
834,53
834,57
834,63
0,835,0.0010121457489878543
835,1
835,11
835,27
835,47
835,59
835,63
0,836,0.0010121457489878543
836,2
836,11
836,27
836,45
836,61
836,63
0,837,0.0010121457489878543
837,1
837,18
837,29
837,50
837,57
837,63
0,838,0.0010121457489878543
838,1
838,24
838,27
838,54
838,57
838,63
0,839,0.0010121457489878543
839,2
839,14
839,41
839,50
839,61
839,63
0,840,0.0010121457489878543
840,2
840,14
840,27
840,50
840,59
840,63
0,841,0.0010121457489878543
841,2
841,25
841,27
841,47
841,57
841,63
0,842,0.0010121457489878543
842,2
842,11
842,27
842,50
842,57
842,63
0,843,0.0020242914979757085
843,2
843,16
843,27
843,50
843,57
843,63
0,844,0.0010121457489878543
844,2
844,20
844,32
844,50
844,61
844,63
0,845,0.0010121457489878543
845,2
845,11
845,27
845,50
845,59
845,63
0,846,0.0010121457489878543
846,1
846,11
846,27
846,54
846,57
846,63
0,847,0.0020242914979757085
847,2
847,12
847,27
847,50
847,57
847,63
0,848,0.0010121457489878543
848,8
848,13
848,33
848,50
848,61
848,63
0,849,0.0010121457489878543
849,1
849,21
849,34
849,50
849,57
849,63
0,850,0.0010121457489878543
850,2
850,20
850,27
850,54
850,57
850,63
0,851,0.0010121457489878543
851,2
851,22
851,27
851,55
851,57
851,63
0,852,0.0010121457489878543
852,2
852,22
852,34
852,50
852,57
852,63
0,853,0.0010121457489878543
853,2
853,24
853,27
853,50
853,57
853,63
0,854,0.0010121457489878543
854,2
854,15
854,27
854,47
854,61
854,63
0,855,0.0010121457489878543
855,1
855,18
855,27
855,47
855,59
855,63
0,856,0.0010121457489878543
856,2
856,11
856,27
856,54
856,57
856,63
0,857,0.0010121457489878543
857,2
857,24
857,27
857,43
857,59
857,63
0,858,0.0010121457489878543
858,2
858,18
858,34
858,52
858,58
858,63
0,859,0.0010121457489878543
859,2
859,16
859,27
859,50
859,61
859,63
0,860,0.0010121457489878543
860,2
860,18
860,27
860,47
860,58
860,63
0,861,0.0010121457489878543
861,1
861,11
861,30
861,48
861,59
861,75
0,862,0.0020242914979757085
862,9
862,16
862,34
862,44
862,57
862,75
0,863,0.0010121457489878543
863,9
863,16
863,34
863,44
863,59
863,75
0,864,0.0010121457489878543
864,9
864,13
864,34
864,44
864,57
864,75
0,865,0.0010121457489878543
865,6
865,16
865,30
865,44
865,59
865,75
0,866,0.0010121457489878543
866,4
866,23
866,34
866,44
866,57
866,75
0,867,0.0010121457489878543
867,9
867,26
867,34
867,44
867,59
867,75
0,868,0.0010121457489878543
868,1
868,15
868,41
868,44
868,59
868,75
0,869,0.0010121457489878543
869,3
869,18
869,41
869,48
869,59
869,75
0,870,0.0010121457489878543
870,6
870,19
870,34
870,44
870,57
870,75
0,871,0.0010121457489878543
871,6
871,16
871,34
871,44
871,61
871,75
0,872,0.0010121457489878543
872,6
872,25
872,35
872,44
872,57
872,75
0,873,0.0010121457489878543
873,4
873,13
873,34
873,43
873,59
873,75
0,874,0.0010121457489878543
874,4
874,16
874,34
874,45
874,60
874,75
0,875,0.0010121457489878543
875,4
875,11
875,34
875,44
875,61
875,75
0,876,0.0010121457489878543
876,6
876,11
876,34
876,48
876,58
876,75
0,877,0.0010121457489878543
877,9
877,16
877,41
877,44
877,58
877,75
0,878,0.0010121457489878543
878,9
878,20
878,34
878,44
878,57
878,75
0,879,0.0010121457489878543
879,4
879,16
879,34
879,44
879,57
879,75
0,880,0.0010121457489878543
880,6
880,16
880,34
880,56
880,59
880,75
0,881,0.0010121457489878543
881,7
881,13
881,34
881,44
881,60
881,75
0,882,0.0010121457489878543
882,3
882,25
882,34
882,44
882,60
882,75
0,883,0.0010121457489878543
883,1
883,14
883,40
883,52
883,57
883,75
0,884,0.0010121457489878543
884,4
884,22
884,34
884,44
884,57
884,75
0,885,0.0010121457489878543
885,1
885,16
885,32
885,51
885,59
885,75
0,886,0.0010121457489878543
886,4
886,20
886,34
886,44
886,57
886,75
0,887,0.0010121457489878543
887,4
887,24
887,41
887,44
887,57
887,75
0,888,0.0010121457489878543
888,9
888,13
888,34
888,44
888,61
888,75
0,889,0.0010121457489878543
889,4
889,19
889,41
889,44
889,61
889,75
0,890,0.0010121457489878543
890,1
890,13
890,40
890,44
890,61
890,75
0,891,0.0010121457489878543
891,9
891,13
891,34
891,56
891,57
891,75
0,892,0.0010121457489878543
892,4
892,20
892,34
892,44
892,58
892,75
0,893,0.0010121457489878543
893,7
893,17
893,39
893,44
893,61
893,75
0,894,0.0020242914979757085
894,9
894,18
894,34
894,44
894,58
894,75
0,895,0.0010121457489878543
895,4
895,26
895,34
895,44
895,57
895,75
0,896,0.0010121457489878543
896,9
896,14
896,34
896,44
896,57
896,75
0,897,0.0010121457489878543
897,4
897,18
897,34
897,44
897,58
897,75
0,898,0.0010121457489878543
898,6
898,16
898,34
898,48
898,57
898,75
0,899,0.006072874493927126
899,1
899,11
899,39
899,50
899,59
899,71
0,900,0.005060728744939271
900,1
900,13
900,39
900,50
900,59
900,71
0,901,0.0010121457489878543
901,1
901,18
901,39
901,50
901,61
901,71
0,902,0.0010121457489878543
902,1
902,11
902,39
902,45
902,59
902,71
0,903,0.0010121457489878543
903,1
903,16
903,39
903,47
903,57
903,71
0,904,0.0010121457489878543
904,4
904,23
904,36
904,50
904,57
904,71
0,905,0.0010121457489878543
905,2
905,11
905,39
905,50
905,59
905,71
0,906,0.0010121457489878543
906,1
906,13
906,39
906,50
906,57
906,71
0,907,0.0010121457489878543
907,1
907,16
907,39
907,50
907,61
907,71
0,908,0.0010121457489878543
908,4
908,16
908,40
908,50
908,59
908,71
0,909,0.0010121457489878543
909,1
909,22
909,39
909,50
909,57
909,71
0,910,0.0010121457489878543
910,1
910,11
910,36
910,50
910,59
910,71
0,911,0.0010121457489878543
911,8
911,11
911,40
911,50
911,60
911,71
0,912,0.0010121457489878543
912,8
912,16
912,39
912,50
912,59
912,71
0,913,0.0010121457489878543
913,1
913,20
913,39
913,50
913,57
913,71
0,914,0.0010121457489878543
914,1
914,13
914,27
914,50
914,59
914,71
0,915,0.0010121457489878543
915,1
915,16
915,34
915,50
915,59
915,71
0,916,0.0010121457489878543
916,1
916,23
916,35
916,50
916,59
916,71
0,917,0.0010121457489878543
917,1
917,11
917,28
917,50
917,59
917,71
0,918,0.0010121457489878543
918,1
918,26
918,39
918,50
918,60
918,71
0,919,0.0010121457489878543
919,2
919,20
919,34
919,50
919,57
919,71
0,920,0.0010121457489878543
920,2
920,16
920,36
920,50
920,61
920,71
0,921,0.0010121457489878543
921,1
921,22
921,39
921,50
921,61
921,71
0,922,0.0010121457489878543
922,5
922,16
922,39
922,55
922,59
922,71
0,923,0.0010121457489878543
923,2
923,16
923,36
923,50
923,59
923,71
0,924,0.0010121457489878543
924,1
924,16
924,39
924,52
924,59
924,71
0,925,0.0010121457489878543
925,1
925,11
925,34
925,43
925,60
925,71
0,926,0.0010121457489878543
926,2
926,23
926,39
926,50
926,59
926,71
0,927,0.0010121457489878543
927,1
927,11
927,39
927,51
927,59
927,71
0,928,0.0010121457489878543
928,2
928,17
928,39
928,50
928,57
928,71
0,929,0.0010121457489878543
929,4
929,23
929,39
929,55
929,58
929,71
0,930,0.0010121457489878543
930,2
930,11
930,39
930,47
930,59
930,71
0,931,0.0010121457489878543
931,2
931,13
931,39
931,50
931,59
931,71
0,932,0.0010121457489878543
932,1
932,11
932,39
932,50
932,61
932,71
0,933,0.0010121457489878543
933,2
933,19
933,39
933,50
933,57
933,71
0,934,0.0010121457489878543
934,1
934,15
934,30
934,50
934,59
934,71
0,935,0.003036437246963563
935,2
935,12
935,28
935,50
935,57
935,64
0,936,0.0010121457489878543
936,2
936,20
936,28
936,55
936,57
936,64
0,937,0.0010121457489878543
937,1
937,25
937,28
937,51
937,61
937,64
0,938,0.0010121457489878543
938,2
938,22
938,28
938,54
938,57
938,64
0,939,0.0010121457489878543
939,8
939,18
939,34
939,51
939,58
939,64
0,940,0.0010121457489878543
940,2
940,15
940,28
940,50
940,61
940,64
0,941,0.0020242914979757085
941,2
941,13
941,28
941,50
941,57
941,64
0,942,0.0010121457489878543
942,1
942,20
942,28
942,51
942,61
942,64
0,943,0.0010121457489878543
943,1
943,21
943,28
943,50
943,57
943,64
0,944,0.0010121457489878543
944,2
944,24
944,28
944,50
944,57
944,64
0,945,0.0010121457489878543
945,2
945,16
945,28
945,55
945,58
945,64
0,946,0.0010121457489878543
946,2
946,16
946,30
946,49
946,60
946,64
0,947,0.0010121457489878543
947,2
947,12
947,28
947,53
947,59
947,64
0,948,0.0010121457489878543
948,1
948,17
948,31
948,50
948,59
948,64
0,949,0.0010121457489878543
949,2
949,22
949,28
949,50
949,59
949,64
0,950,0.0020242914979757085
950,2
950,19
950,28
950,50
950,57
950,64
0,951,0.0010121457489878543
951,1
951,12
951,34
951,54
951,58
951,64
0,952,0.0020242914979757085
952,8
952,18
952,34
952,50
952,58
952,64
0,953,0.0010121457489878543
953,2
953,16
953,28
953,50
953,57
953,64
0,954,0.0010121457489878543
954,1
954,18
954,28
954,50
954,58
954,64
0,955,0.0010121457489878543
955,2
955,16
955,28
955,50
955,59
955,64
0,956,0.0010121457489878543
956,2
956,26
956,28
956,51
956,57
956,64
0,957,0.0010121457489878543
957,2
957,11
957,28
957,50
957,61
957,64
0,958,0.0010121457489878543
958,2
958,20
958,28
958,50
958,61
958,64
0,959,0.0010121457489878543
959,2
959,21
959,28
959,50
959,57
959,64
0,960,0.0020242914979757085
960,2
960,14
960,28
960,50
960,61
960,64
0,961,0.0010121457489878543
961,5
961,16
961,32
961,47
961,61
961,64
0,962,0.0010121457489878543
962,2
962,25
962,28
962,51
962,57
962,64
0,963,0.0010121457489878543
963,2
963,13
963,28
963,53
963,57
963,64
0,964,0.004048582995951417
964,2
964,12
964,28
964,50
964,59
964,64
0,965,0.0010121457489878543
965,2
965,15
965,28
965,50
965,57
965,64
0,966,0.0010121457489878543
966,2
966,18
966,28
966,46
966,57
966,64
0,967,0.0020242914979757085
967,2
967,23
967,28
967,50
967,57
967,64
0,968,0.0010121457489878543
968,2
968,22
968,28
968,53
968,57
968,64
0,969,0.0010121457489878543
969,1
969,12
969,32
969,55
969,60
969,64
0,970,0.0010121457489878543
970,2
970,12
970,28
970,50
970,58
970,64
0,971,0.0010121457489878543
971,2
971,12
971,28
971,51
971,61
971,64
0,972,0.0010121457489878543
972,2
972,11
972,28
972,54
972,57
972,64
0,973,0.0010121457489878543
973,1
973,19
973,28
973,50
973,57
973,64
0,974,0.0010121457489878543
974,2
974,25
974,28
974,50
974,61
974,64
