##NODES##
56,SUM
55,PRD
0,CATNODE,0,0.9997720018239855,2.2799817601459188E-4
49,SUM
46,PRD
18,CATNODE,4,6.20732464307883E-4,6.20732464307883E-4,6.20732464307883E-4,6.20732464307883E-4,6.20732464307883E-4,0.9937926753569208,6.20732464307883E-4,6.20732464307883E-4,6.20732464307883E-4,6.20732464307883E-4,6.20732464307883E-4
25,CATNODE,3,0.9987523393636929,6.238303181534626E-4,6.238303181534626E-4
26,CATNODE,1,0.9962663347853142,6.222775357809584E-4,6.222775357809584E-4,6.222775357809584E-4,6.222775357809584E-4,6.222775357809584E-4,6.222775357809584E-4
45,PRD
19,CATNODE,3,7.087172218284908E-4,7.087172218284908E-4,0.9985825655563431
27,CATNODE,4,7.047216349541931E-4,7.047216349541931E-4,7.047216349541931E-4,7.047216349541931E-4,7.047216349541931E-4,7.047216349541931E-4,7.047216349541931E-4,7.047216349541931E-4,0.9929527836504581,7.047216349541931E-4,7.047216349541931E-4
28,CATNODE,1,7.067137809187278E-4,7.067137809187278E-4,7.067137809187278E-4,7.067137809187278E-4,7.067137809187278E-4,0.9957597173144875,7.067137809187278E-4
44,PRD
20,CATNODE,1,0.9956616052060738,7.230657989877077E-4,7.230657989877077E-4,7.230657989877077E-4,7.230657989877077E-4,7.230657989877077E-4,7.230657989877077E-4
29,CATNODE,3,7.25163161711385E-4,7.25163161711385E-4,0.9985496736765771
30,CATNODE,4,7.209805335255951E-4,7.209805335255951E-4,0.9927901946647439,7.209805335255951E-4,7.209805335255951E-4,7.209805335255951E-4,7.209805335255951E-4,7.209805335255951E-4,7.209805335255951E-4,7.209805335255951E-4,7.209805335255951E-4
4,CATNODE,2,0.9997720018239855,2.2799817601459188E-4
54,PRD
1,CATNODE,1,6.480881399870384E-4,6.480881399870384E-4,0.9961114711600777,6.480881399870384E-4,6.480881399870384E-4,6.480881399870384E-4,6.480881399870384E-4
5,CATNODE,0,0.9993498049414822,6.501950585175555E-4
9,CATNODE,2,6.501950585175555E-4,0.9993498049414822
21,CATNODE,4,6.464124111182936E-4,6.464124111182936E-4,6.464124111182936E-4,0.9935358758888171,6.464124111182936E-4,6.464124111182936E-4,6.464124111182936E-4,6.464124111182936E-4,6.464124111182936E-4,6.464124111182936E-4,6.464124111182936E-4
22,CATNODE,3,0.9987004548408054,6.497725795971409E-4,6.497725795971409E-4
53,PRD
50,SUM
48,PRD
10,CATNODE,4,6.464124111182936E-4,6.464124111182936E-4,6.464124111182936E-4,6.464124111182936E-4,6.464124111182936E-4,6.464124111182936E-4,0.9935358758888171,6.464124111182936E-4,6.464124111182936E-4,6.464124111182936E-4,6.464124111182936E-4
11,CATNODE,2,0.9993498049414822,6.501950585175555E-4
47,PRD
12,CATNODE,2,7.429420505200593E-4,0.9992570579494799
13,CATNODE,4,7.380073800738012E-4,7.380073800738012E-4,7.380073800738012E-4,7.380073800738012E-4,7.380073800738012E-4,7.380073800738012E-4,7.380073800738012E-4,0.9926199261992622,7.380073800738012E-4,7.380073800738012E-4,7.380073800738012E-4
6,CATNODE,3,3.4686090877558115E-4,0.9993062781824485,3.4686090877558115E-4
14,CATNODE,1,3.463803255975058E-4,3.463803255975058E-4,3.463803255975058E-4,0.9979217180464143,3.463803255975058E-4,3.463803255975058E-4,3.463803255975058E-4
15,CATNODE,0,3.469812630117974E-4,0.9996530187369875
52,PRD
2,CATNODE,0,1.688618709895306E-4,0.9998311381290098
7,CATNODE,2,1.688618709895306E-4,0.9998311381290098
43,SUM
42,PRD
31,CATNODE,1,0.9957597173144875,7.067137809187278E-4,7.067137809187278E-4,7.067137809187278E-4,7.067137809187278E-4,7.067137809187278E-4,7.067137809187278E-4
32,CATNODE,4,0.9929527836504581,7.047216349541931E-4,7.047216349541931E-4,7.047216349541931E-4,7.047216349541931E-4,7.047216349541931E-4,7.047216349541931E-4,7.047216349541931E-4,7.047216349541931E-4,7.047216349541931E-4,7.047216349541931E-4
41,PRD
33,CATNODE,4,6.600660066006602E-4,0.9933993399339934,6.600660066006602E-4,6.600660066006602E-4,6.600660066006602E-4,6.600660066006602E-4,6.600660066006602E-4,6.600660066006602E-4,6.600660066006602E-4,6.600660066006602E-4,6.600660066006602E-4
34,CATNODE,1,6.618133686300468E-4,0.9960291197882197,6.618133686300468E-4,6.618133686300468E-4,6.618133686300468E-4,6.618133686300468E-4,6.618133686300468E-4
40,PRD
35,CATNODE,4,6.600660066006602E-4,6.600660066006602E-4,6.600660066006602E-4,6.600660066006602E-4,6.600660066006602E-4,6.600660066006602E-4,6.600660066006602E-4,6.600660066006602E-4,6.600660066006602E-4,6.600660066006602E-4,0.9933993399339934
36,CATNODE,1,6.618133686300468E-4,6.618133686300468E-4,6.618133686300468E-4,6.618133686300468E-4,0.9960291197882197,6.618133686300468E-4,6.618133686300468E-4
39,PRD
37,CATNODE,4,6.600660066006602E-4,6.600660066006602E-4,6.600660066006602E-4,6.600660066006602E-4,0.9933993399339934,6.600660066006602E-4,6.600660066006602E-4,6.600660066006602E-4,6.600660066006602E-4,6.600660066006602E-4,6.600660066006602E-4
38,CATNODE,1,6.618133686300468E-4,6.618133686300468E-4,6.618133686300468E-4,6.618133686300468E-4,6.618133686300468E-4,6.618133686300468E-4,0.9960291197882197
16,CATNODE,3,1.688333614722269E-4,0.9996623332770554,1.688333614722269E-4
51,PRD
3,CATNODE,4,6.086427267194159E-4,6.086427267194159E-4,6.086427267194159E-4,6.086427267194159E-4,6.086427267194159E-4,6.086427267194159E-4,6.086427267194159E-4,6.086427267194159E-4,6.086427267194159E-4,0.9939135727328057,6.086427267194159E-4
8,CATNODE,2,6.119951040391681E-4,0.999388004895961
17,CATNODE,0,6.119951040391681E-4,0.999388004895961
23,CATNODE,1,6.101281269066503E-4,6.101281269066503E-4,0.9963392312385599,6.101281269066503E-4,6.101281269066503E-4,6.101281269066503E-4,6.101281269066503E-4
24,CATNODE,3,6.116207951070335E-4,0.9987767584097857,6.116207951070335E-4
##EDGES##
56,55,0.26810176125244617
56,54,0.09393346379647749
56,53,0.1761252446183953
56,52,0.36203522504892366
56,51,0.09980430528375733
55,0
55,49
55,4
49,46,0.36496350364963503
49,45,0.32116788321167883
49,44,0.31386861313868614
46,18
46,25
46,26
45,19
45,27
45,28
44,20
44,29
44,30
54,1
54,5
54,9
54,21
54,22
53,50
53,6
53,14
53,15
50,48,0.5333333333333333
50,47,0.4666666666666667
48,10
48,11
47,12
47,13
52,2
52,7
52,43
52,16
43,42,0.23783783783783785
43,41,0.25405405405405407
43,40,0.25405405405405407
43,39,0.25405405405405407
42,31
42,32
41,33
41,34
40,35
40,36
39,37
39,38
51,3
51,8
51,17
51,23
51,24
