##NODES##
35,SUM
34,PRD
0,CATNODE,2,0.9997559785261106,2.440214738897022E-4
28,SUM
23,PRD
18,CATNODE,3,4.943153732081066E-4,0.9970341077607516,4.943153732081066E-4,4.943153732081066E-4,4.943153732081066E-4,4.943153732081066E-4,4.943153732081066E-4
19,CATNODE,1,4.955401387512391E-4,0.9995044598612488
22,PRD
20,CATNODE,1,0.999519692603266,4.8030739673390947E-4
21,CATNODE,3,4.7915668423574473E-4,4.7915668423574473E-4,4.7915668423574473E-4,0.9971250598945853,4.7915668423574473E-4,4.7915668423574473E-4,4.7915668423574473E-4
2,CATNODE,0,2.4390243902439033E-4,2.4390243902439033E-4,2.4390243902439033E-4,0.999268292682927
33,PRD
30,SUM
27,PRD
8,CATNODE,3,5.022601707684583E-4,5.022601707684583E-4,5.022601707684583E-4,5.022601707684583E-4,5.022601707684583E-4,5.022601707684583E-4,0.9969864389753893
9,CATNODE,0,0.9984909456740444,5.030181086519117E-4,5.030181086519117E-4,5.030181086519117E-4
26,PRD
10,CATNODE,3,4.7915668423574473E-4,4.7915668423574473E-4,4.7915668423574473E-4,4.7915668423574473E-4,0.9971250598945853,4.7915668423574473E-4,4.7915668423574473E-4
11,CATNODE,0,4.7984644913627675E-4,0.9985604606525915,4.7984644913627675E-4,4.7984644913627675E-4
3,CATNODE,1,2.4594195769798315E-4,0.9997540580423022
4,CATNODE,2,0.9997540580423022,2.4594195769798315E-4
32,PRD
29,SUM
25,PRD
12,CATNODE,0,4.950495049504948E-4,4.950495049504948E-4,0.9985148514851486,4.950495049504948E-4
13,CATNODE,3,4.943153732081066E-4,4.943153732081066E-4,4.943153732081066E-4,4.943153732081066E-4,4.943153732081066E-4,0.9970341077607516,4.943153732081066E-4
24,PRD
14,CATNODE,0,5.030181086519117E-4,5.030181086519117E-4,5.030181086519117E-4,0.9984909456740444
15,CATNODE,3,0.9969864389753893,5.022601707684583E-4,5.022601707684583E-4,5.022601707684583E-4,5.022601707684583E-4,5.022601707684583E-4,5.022601707684583E-4
5,CATNODE,1,0.9997501249375316,2.498750624687656E-4
6,CATNODE,2,2.498750624687656E-4,0.9997501249375316
31,PRD
1,CATNODE,1,4.591368227731868E-4,0.9995408631772276
7,CATNODE,3,4.5808520384791544E-4,4.5808520384791544E-4,0.9972514887769127,4.5808520384791544E-4,4.5808520384791544E-4,4.5808520384791544E-4,4.5808520384791544E-4
16,CATNODE,0,4.5871559633027563E-4,4.5871559633027563E-4,0.99862385321101,4.5871559633027563E-4
17,CATNODE,2,0.9995408631772276,4.591368227731868E-4
##EDGES##
35,34,0.2857142857142857
35,33,0.28348214285714285
35,32,0.27901785714285715
35,31,0.15178571428571427
34,0
34,28
34,2
28,23,0.4921875
28,22,0.5078125
23,18
23,19
22,20
22,21
33,30
33,3
33,4
30,27,0.4881889763779528
30,26,0.5118110236220472
27,8
27,9
26,10
26,11
32,29
32,5
32,6
29,25,0.504
29,24,0.496
25,12
25,13
24,14
24,15
31,1
31,7
31,16
31,17
