##NODES##
178,SUM
177,PRD
0,CATNODE,1,0.9999908179380774,3.0606873079418727E-6,3.0606873079418727E-6,3.0606873079418727E-6
4,CATNODE,0,3.0606966757773404E-6,0.9999938786066492,3.0606966757773404E-6
138,SUM
128,PRD
93,CATNODE,4,2.6816121852457688E-5,2.6816121852457688E-5,2.6816121852457688E-5,2.6816121852457688E-5,2.6816121852457688E-5,2.6816121852457688E-5,2.6816121852457688E-5,0.9988737228821964,2.6816121852457688E-5,2.6816121852457688E-5,2.6816121852457688E-5,2.6816121852457688E-5,2.6816121852457688E-5,2.6816121852457688E-5,2.6816121852457688E-5,2.6816121852457688E-5,2.6816121852457688E-5,2.6816121852457688E-5,2.6816121852457688E-5,2.6816121852457688E-5,2.6816121852457688E-5,2.6816121852457688E-5,2.6816121852457688E-5,2.6816121852457688E-5,2.6816121852457688E-5,2.6816121852457688E-5,2.6816121852457688E-5,2.6816121852457688E-5,2.6816121852457688E-5,2.6816121852457688E-5,2.6816121852457688E-5,2.6816121852457688E-5,2.6816121852457688E-5,2.6816121852457688E-5,2.6816121852457688E-5,2.6816121852457688E-5,2.6816121852457688E-5,2.6816121852457688E-5,2.6816121852457688E-5,2.6816121852457688E-5,2.6816121852457688E-5,2.6816121852457688E-5,2.6816121852457688E-5
94,CATNODE,3,0.9997584411401572,2.6839873315797955E-5,2.6839873315797955E-5,2.6839873315797955E-5,2.6839873315797955E-5,2.6839873315797955E-5,2.6839873315797955E-5,2.6839873315797955E-5,2.6839873315797955E-5,2.6839873315797955E-5
127,PRD
95,CATNODE,4,0.9922949917446343,1.8345257750871394E-4,1.8345257750871394E-4,1.8345257750871394E-4,1.8345257750871394E-4,1.8345257750871394E-4,1.8345257750871394E-4,1.8345257750871394E-4,1.8345257750871394E-4,1.8345257750871394E-4,1.8345257750871394E-4,1.8345257750871394E-4,1.8345257750871394E-4,1.8345257750871394E-4,1.8345257750871394E-4,1.8345257750871394E-4,1.8345257750871394E-4,1.8345257750871394E-4,1.8345257750871394E-4,1.8345257750871394E-4,1.8345257750871394E-4,1.8345257750871394E-4,1.8345257750871394E-4,1.8345257750871394E-4,1.8345257750871394E-4,1.8345257750871394E-4,1.8345257750871394E-4,1.8345257750871394E-4,1.8345257750871394E-4,1.8345257750871394E-4,1.8345257750871394E-4,1.8345257750871394E-4,1.8345257750871394E-4,1.8345257750871394E-4,1.8345257750871394E-4,1.8345257750871394E-4,1.8345257750871394E-4,1.8345257750871394E-4,1.8345257750871394E-4,1.8345257750871394E-4,1.8345257750871394E-4,1.8345257750871394E-4,1.8345257750871394E-4
96,CATNODE,3,1.8456995201181241E-4,1.8456995201181241E-4,0.998338870431894,1.8456995201181241E-4,1.8456995201181241E-4,1.8456995201181241E-4,1.8456995201181241E-4,1.8456995201181241E-4,1.8456995201181241E-4,1.8456995201181241E-4
126,PRD
97,CATNODE,3,2.8452739998861905E-5,0.9997439253400102,2.8452739998861905E-5,2.8452739998861905E-5,2.8452739998861905E-5,2.8452739998861905E-5,2.8452739998861905E-5,2.8452739998861905E-5,2.8452739998861905E-5,2.8452739998861905E-5
98,CATNODE,4,2.8426049631882634E-5,2.8426049631882634E-5,2.8426049631882634E-5,2.8426049631882634E-5,2.8426049631882634E-5,2.8426049631882634E-5,2.8426049631882634E-5,2.8426049631882634E-5,0.9988061059154604,2.8426049631882634E-5,2.8426049631882634E-5,2.8426049631882634E-5,2.8426049631882634E-5,2.8426049631882634E-5,2.8426049631882634E-5,2.8426049631882634E-5,2.8426049631882634E-5,2.8426049631882634E-5,2.8426049631882634E-5,2.8426049631882634E-5,2.8426049631882634E-5,2.8426049631882634E-5,2.8426049631882634E-5,2.8426049631882634E-5,2.8426049631882634E-5,2.8426049631882634E-5,2.8426049631882634E-5,2.8426049631882634E-5,2.8426049631882634E-5,2.8426049631882634E-5,2.8426049631882634E-5,2.8426049631882634E-5,2.8426049631882634E-5,2.8426049631882634E-5,2.8426049631882634E-5,2.8426049631882634E-5,2.8426049631882634E-5,2.8426049631882634E-5,2.8426049631882634E-5,2.8426049631882634E-5,2.8426049631882634E-5,2.8426049631882634E-5,2.8426049631882634E-5
125,PRD
99,CATNODE,3,2.0912627044209283E-5,2.0912627044209283E-5,2.0912627044209283E-5,2.0912627044209283E-5,2.0912627044209283E-5,2.0912627044209283E-5,2.0912627044209283E-5,0.9998117863566024,2.0912627044209283E-5,2.0912627044209283E-5
100,CATNODE,4,2.0898204844203885E-5,2.0898204844203885E-5,2.0898204844203885E-5,2.0898204844203885E-5,2.0898204844203885E-5,0.9991222753965435,2.0898204844203885E-5,2.0898204844203885E-5,2.0898204844203885E-5,2.0898204844203885E-5,2.0898204844203885E-5,2.0898204844203885E-5,2.0898204844203885E-5,2.0898204844203885E-5,2.0898204844203885E-5,2.0898204844203885E-5,2.0898204844203885E-5,2.0898204844203885E-5,2.0898204844203885E-5,2.0898204844203885E-5,2.0898204844203885E-5,2.0898204844203885E-5,2.0898204844203885E-5,2.0898204844203885E-5,2.0898204844203885E-5,2.0898204844203885E-5,2.0898204844203885E-5,2.0898204844203885E-5,2.0898204844203885E-5,2.0898204844203885E-5,2.0898204844203885E-5,2.0898204844203885E-5,2.0898204844203885E-5,2.0898204844203885E-5,2.0898204844203885E-5,2.0898204844203885E-5,2.0898204844203885E-5,2.0898204844203885E-5,2.0898204844203885E-5,2.0898204844203885E-5,2.0898204844203885E-5,2.0898204844203885E-5,2.0898204844203885E-5
124,PRD
101,CATNODE,3,1.9976826880818235E-5,1.9976826880818235E-5,1.9976826880818235E-5,1.9976826880818235E-5,1.9976826880818235E-5,1.9976826880818235E-5,0.9998202085580724,1.9976826880818235E-5,1.9976826880818235E-5,1.9976826880818235E-5
102,CATNODE,4,1.996366612764767E-5,1.996366612764767E-5,1.996366612764767E-5,1.996366612764767E-5,0.9991615260226387,1.996366612764767E-5,1.996366612764767E-5,1.996366612764767E-5,1.996366612764767E-5,1.996366612764767E-5,1.996366612764767E-5,1.996366612764767E-5,1.996366612764767E-5,1.996366612764767E-5,1.996366612764767E-5,1.996366612764767E-5,1.996366612764767E-5,1.996366612764767E-5,1.996366612764767E-5,1.996366612764767E-5,1.996366612764767E-5,1.996366612764767E-5,1.996366612764767E-5,1.996366612764767E-5,1.996366612764767E-5,1.996366612764767E-5,1.996366612764767E-5,1.996366612764767E-5,1.996366612764767E-5,1.996366612764767E-5,1.996366612764767E-5,1.996366612764767E-5,1.996366612764767E-5,1.996366612764767E-5,1.996366612764767E-5,1.996366612764767E-5,1.996366612764767E-5,1.996366612764767E-5,1.996366612764767E-5,1.996366612764767E-5,1.996366612764767E-5,1.996366612764767E-5,1.996366612764767E-5
123,PRD
103,CATNODE,4,1.7319316233395103E-5,0.9992725887181977,1.7319316233395103E-5,1.7319316233395103E-5,1.7319316233395103E-5,1.7319316233395103E-5,1.7319316233395103E-5,1.7319316233395103E-5,1.7319316233395103E-5,1.7319316233395103E-5,1.7319316233395103E-5,1.7319316233395103E-5,1.7319316233395103E-5,1.7319316233395103E-5,1.7319316233395103E-5,1.7319316233395103E-5,1.7319316233395103E-5,1.7319316233395103E-5,1.7319316233395103E-5,1.7319316233395103E-5,1.7319316233395103E-5,1.7319316233395103E-5,1.7319316233395103E-5,1.7319316233395103E-5,1.7319316233395103E-5,1.7319316233395103E-5,1.7319316233395103E-5,1.7319316233395103E-5,1.7319316233395103E-5,1.7319316233395103E-5,1.7319316233395103E-5,1.7319316233395103E-5,1.7319316233395103E-5,1.7319316233395103E-5,1.7319316233395103E-5,1.7319316233395103E-5,1.7319316233395103E-5,1.7319316233395103E-5,1.7319316233395103E-5,1.7319316233395103E-5,1.7319316233395103E-5,1.7319316233395103E-5,1.7319316233395103E-5
104,CATNODE,3,1.7329220531660475E-5,1.7329220531660475E-5,1.7329220531660475E-5,0.9998440370152147,1.7329220531660475E-5,1.7329220531660475E-5,1.7329220531660475E-5,1.7329220531660475E-5,1.7329220531660475E-5,1.7329220531660475E-5
122,PRD
105,CATNODE,3,1.7367744624683028E-5,1.7367744624683028E-5,1.7367744624683028E-5,1.7367744624683028E-5,0.9998436902983775,1.7367744624683028E-5,1.7367744624683028E-5,1.7367744624683028E-5,1.7367744624683028E-5,1.7367744624683028E-5
106,CATNODE,4,1.7357796254187555E-5,1.7357796254187555E-5,0.9992709725573236,1.7357796254187555E-5,1.7357796254187555E-5,1.7357796254187555E-5,1.7357796254187555E-5,1.7357796254187555E-5,1.7357796254187555E-5,1.7357796254187555E-5,1.7357796254187555E-5,1.7357796254187555E-5,1.7357796254187555E-5,1.7357796254187555E-5,1.7357796254187555E-5,1.7357796254187555E-5,1.7357796254187555E-5,1.7357796254187555E-5,1.7357796254187555E-5,1.7357796254187555E-5,1.7357796254187555E-5,1.7357796254187555E-5,1.7357796254187555E-5,1.7357796254187555E-5,1.7357796254187555E-5,1.7357796254187555E-5,1.7357796254187555E-5,1.7357796254187555E-5,1.7357796254187555E-5,1.7357796254187555E-5,1.7357796254187555E-5,1.7357796254187555E-5,1.7357796254187555E-5,1.7357796254187555E-5,1.7357796254187555E-5,1.7357796254187555E-5,1.7357796254187555E-5,1.7357796254187555E-5,1.7357796254187555E-5,1.7357796254187555E-5,1.7357796254187555E-5,1.7357796254187555E-5,1.7357796254187555E-5
121,PRD
107,CATNODE,4,2.7893224735711708E-5,2.7893224735711708E-5,2.7893224735711708E-5,0.9988284845611001,2.7893224735711708E-5,2.7893224735711708E-5,2.7893224735711708E-5,2.7893224735711708E-5,2.7893224735711708E-5,2.7893224735711708E-5,2.7893224735711708E-5,2.7893224735711708E-5,2.7893224735711708E-5,2.7893224735711708E-5,2.7893224735711708E-5,2.7893224735711708E-5,2.7893224735711708E-5,2.7893224735711708E-5,2.7893224735711708E-5,2.7893224735711708E-5,2.7893224735711708E-5,2.7893224735711708E-5,2.7893224735711708E-5,2.7893224735711708E-5,2.7893224735711708E-5,2.7893224735711708E-5,2.7893224735711708E-5,2.7893224735711708E-5,2.7893224735711708E-5,2.7893224735711708E-5,2.7893224735711708E-5,2.7893224735711708E-5,2.7893224735711708E-5,2.7893224735711708E-5,2.7893224735711708E-5,2.7893224735711708E-5,2.7893224735711708E-5,2.7893224735711708E-5,2.7893224735711708E-5,2.7893224735711708E-5,2.7893224735711708E-5,2.7893224735711708E-5,2.7893224735711708E-5
108,CATNODE,3,2.7918923446311913E-5,2.7918923446311913E-5,2.7918923446311913E-5,2.7918923446311913E-5,2.7918923446311913E-5,0.9997487296889827,2.7918923446311913E-5,2.7918923446311913E-5,2.7918923446311913E-5,2.7918923446311913E-5
13,CATNODE,2,3.0604812300686135E-6,3.0604812300686135E-6,3.0604812300686135E-6,3.0604812300686135E-6,3.0604812300686135E-6,3.0604812300686135E-6,3.0604812300686135E-6,3.0604812300686135E-6,3.0604812300686135E-6,3.0604812300686135E-6,3.0604812300686135E-6,3.0604812300686135E-6,3.0604812300686135E-6,3.0604812300686135E-6,3.0604812300686135E-6,3.0604812300686135E-6,3.0604812300686135E-6,3.0604812300686135E-6,3.0604812300686135E-6,3.0604812300686135E-6,3.0604812300686135E-6,3.0604812300686135E-6,0.9999234879692482,3.0604812300686135E-6,3.0604812300686135E-6,3.0604812300686135E-6
176,PRD
169,SUM
165,PRD
14,CATNODE,0,0.9997815401419987,1.0922992900054607E-4,1.0922992900054607E-4
62,CATNODE,2,1.0895619960775775E-4,1.0895619960775775E-4,1.0895619960775775E-4,1.0895619960775775E-4,1.0895619960775775E-4,0.9972760950098064,1.0895619960775775E-4,1.0895619960775775E-4,1.0895619960775775E-4,1.0895619960775775E-4,1.0895619960775775E-4,1.0895619960775775E-4,1.0895619960775775E-4,1.0895619960775775E-4,1.0895619960775775E-4,1.0895619960775775E-4,1.0895619960775775E-4,1.0895619960775775E-4,1.0895619960775775E-4,1.0895619960775775E-4,1.0895619960775775E-4,1.0895619960775775E-4,1.0895619960775775E-4,1.0895619960775775E-4,1.0895619960775775E-4,1.0895619960775775E-4
63,CATNODE,4,1.0875475802066343E-4,1.0875475802066343E-4,1.0875475802066343E-4,1.0875475802066343E-4,1.0875475802066343E-4,1.0875475802066343E-4,1.0875475802066343E-4,1.0875475802066343E-4,1.0875475802066343E-4,1.0875475802066343E-4,1.0875475802066343E-4,1.0875475802066343E-4,1.0875475802066343E-4,1.0875475802066343E-4,1.0875475802066343E-4,1.0875475802066343E-4,1.0875475802066343E-4,1.0875475802066343E-4,1.0875475802066343E-4,1.0875475802066343E-4,1.0875475802066343E-4,1.0875475802066343E-4,1.0875475802066343E-4,1.0875475802066343E-4,1.0875475802066343E-4,1.0875475802066343E-4,1.0875475802066343E-4,1.0875475802066343E-4,1.0875475802066343E-4,1.0875475802066343E-4,1.0875475802066343E-4,1.0875475802066343E-4,1.0875475802066343E-4,1.0875475802066343E-4,1.0875475802066343E-4,1.0875475802066343E-4,1.0875475802066343E-4,1.0875475802066343E-4,1.0875475802066343E-4,1.0875475802066343E-4,0.9954323001631321,1.0875475802066343E-4,1.0875475802066343E-4
164,PRD
15,CATNODE,0,1.9702492365284227E-5,0.9999605950152698,1.9702492365284227E-5
64,CATNODE,4,1.968697706467172E-5,1.968697706467172E-5,1.968697706467172E-5,1.968697706467172E-5,1.968697706467172E-5,1.968697706467172E-5,1.968697706467172E-5,1.968697706467172E-5,1.968697706467172E-5,1.968697706467172E-5,0.9991731469632833,1.968697706467172E-5,1.968697706467172E-5,1.968697706467172E-5,1.968697706467172E-5,1.968697706467172E-5,1.968697706467172E-5,1.968697706467172E-5,1.968697706467172E-5,1.968697706467172E-5,1.968697706467172E-5,1.968697706467172E-5,1.968697706467172E-5,1.968697706467172E-5,1.968697706467172E-5,1.968697706467172E-5,1.968697706467172E-5,1.968697706467172E-5,1.968697706467172E-5,1.968697706467172E-5,1.968697706467172E-5,1.968697706467172E-5,1.968697706467172E-5,1.968697706467172E-5,1.968697706467172E-5,1.968697706467172E-5,1.968697706467172E-5,1.968697706467172E-5,1.968697706467172E-5,1.968697706467172E-5,1.968697706467172E-5,1.968697706467172E-5,1.968697706467172E-5
65,CATNODE,2,1.9693568080664865E-5,1.9693568080664865E-5,1.9693568080664865E-5,1.9693568080664865E-5,1.9693568080664865E-5,1.9693568080664865E-5,1.9693568080664865E-5,1.9693568080664865E-5,1.9693568080664865E-5,1.9693568080664865E-5,1.9693568080664865E-5,1.9693568080664865E-5,0.9995076607979833,1.9693568080664865E-5,1.9693568080664865E-5,1.9693568080664865E-5,1.9693568080664865E-5,1.9693568080664865E-5,1.9693568080664865E-5,1.9693568080664865E-5,1.9693568080664865E-5,1.9693568080664865E-5,1.9693568080664865E-5,1.9693568080664865E-5,1.9693568080664865E-5,1.9693568080664865E-5
163,PRD
16,CATNODE,4,1.8981455118349383E-5,1.8981455118349383E-5,1.8981455118349383E-5,1.8981455118349383E-5,1.8981455118349383E-5,1.8981455118349383E-5,1.8981455118349383E-5,1.8981455118349383E-5,1.8981455118349383E-5,1.8981455118349383E-5,1.8981455118349383E-5,1.8981455118349383E-5,1.8981455118349383E-5,1.8981455118349383E-5,1.8981455118349383E-5,1.8981455118349383E-5,1.8981455118349383E-5,1.8981455118349383E-5,1.8981455118349383E-5,1.8981455118349383E-5,1.8981455118349383E-5,1.8981455118349383E-5,1.8981455118349383E-5,1.8981455118349383E-5,1.8981455118349383E-5,1.8981455118349383E-5,1.8981455118349383E-5,1.8981455118349383E-5,1.8981455118349383E-5,1.8981455118349383E-5,1.8981455118349383E-5,1.8981455118349383E-5,1.8981455118349383E-5,1.8981455118349383E-5,1.8981455118349383E-5,1.8981455118349383E-5,1.8981455118349383E-5,1.8981455118349383E-5,0.9992027788850291,1.8981455118349383E-5,1.8981455118349383E-5,1.8981455118349383E-5,1.8981455118349383E-5
66,CATNODE,0,0.9999620082442103,1.8995877894496878E-5,1.8995877894496878E-5
67,CATNODE,2,1.898758212129269E-5,1.898758212129269E-5,0.9995253104469677,1.898758212129269E-5,1.898758212129269E-5,1.898758212129269E-5,1.898758212129269E-5,1.898758212129269E-5,1.898758212129269E-5,1.898758212129269E-5,1.898758212129269E-5,1.898758212129269E-5,1.898758212129269E-5,1.898758212129269E-5,1.898758212129269E-5,1.898758212129269E-5,1.898758212129269E-5,1.898758212129269E-5,1.898758212129269E-5,1.898758212129269E-5,1.898758212129269E-5,1.898758212129269E-5,1.898758212129269E-5,1.898758212129269E-5,1.898758212129269E-5,1.898758212129269E-5
162,PRD
17,CATNODE,2,3.4962590028669316E-5,3.4962590028669316E-5,3.4962590028669316E-5,3.4962590028669316E-5,3.4962590028669316E-5,3.4962590028669316E-5,3.4962590028669316E-5,3.4962590028669316E-5,3.4962590028669316E-5,3.4962590028669316E-5,3.4962590028669316E-5,3.4962590028669316E-5,3.4962590028669316E-5,3.4962590028669316E-5,3.4962590028669316E-5,3.4962590028669316E-5,3.4962590028669316E-5,3.4962590028669316E-5,3.4962590028669316E-5,3.4962590028669316E-5,3.4962590028669316E-5,0.9991259352492834,3.4962590028669316E-5,3.4962590028669316E-5,3.4962590028669316E-5,3.4962590028669316E-5
68,CATNODE,4,3.494182186659214E-5,3.494182186659214E-5,3.494182186659214E-5,3.494182186659214E-5,3.494182186659214E-5,3.494182186659214E-5,3.494182186659214E-5,3.494182186659214E-5,3.494182186659214E-5,3.494182186659214E-5,3.494182186659214E-5,3.494182186659214E-5,3.494182186659214E-5,3.494182186659214E-5,3.494182186659214E-5,3.494182186659214E-5,3.494182186659214E-5,0.998532443481603,3.494182186659214E-5,3.494182186659214E-5,3.494182186659214E-5,3.494182186659214E-5,3.494182186659214E-5,3.494182186659214E-5,3.494182186659214E-5,3.494182186659214E-5,3.494182186659214E-5,3.494182186659214E-5,3.494182186659214E-5,3.494182186659214E-5,3.494182186659214E-5,3.494182186659214E-5,3.494182186659214E-5,3.494182186659214E-5,3.494182186659214E-5,3.494182186659214E-5,3.494182186659214E-5,3.494182186659214E-5,3.494182186659214E-5,3.494182186659214E-5,3.494182186659214E-5,3.494182186659214E-5,3.494182186659214E-5
69,CATNODE,0,3.499072745722382E-5,0.9999300185450855,3.499072745722382E-5
161,PRD
18,CATNODE,2,2.6668088964744794E-5,2.6668088964744794E-5,2.6668088964744794E-5,2.6668088964744794E-5,2.6668088964744794E-5,2.6668088964744794E-5,2.6668088964744794E-5,2.6668088964744794E-5,2.6668088964744794E-5,2.6668088964744794E-5,2.6668088964744794E-5,2.6668088964744794E-5,2.6668088964744794E-5,0.9993332977758812,2.6668088964744794E-5,2.6668088964744794E-5,2.6668088964744794E-5,2.6668088964744794E-5,2.6668088964744794E-5,2.6668088964744794E-5,2.6668088964744794E-5,2.6668088964744794E-5,2.6668088964744794E-5,2.6668088964744794E-5,2.6668088964744794E-5,2.6668088964744794E-5
70,CATNODE,0,2.6684456304202818E-5,0.9999466310873918,2.6684456304202818E-5
71,CATNODE,4,2.6656004264960665E-5,2.6656004264960665E-5,2.6656004264960665E-5,2.6656004264960665E-5,2.6656004264960665E-5,2.6656004264960665E-5,2.6656004264960665E-5,2.6656004264960665E-5,2.6656004264960665E-5,0.9988804478208714,2.6656004264960665E-5,2.6656004264960665E-5,2.6656004264960665E-5,2.6656004264960665E-5,2.6656004264960665E-5,2.6656004264960665E-5,2.6656004264960665E-5,2.6656004264960665E-5,2.6656004264960665E-5,2.6656004264960665E-5,2.6656004264960665E-5,2.6656004264960665E-5,2.6656004264960665E-5,2.6656004264960665E-5,2.6656004264960665E-5,2.6656004264960665E-5,2.6656004264960665E-5,2.6656004264960665E-5,2.6656004264960665E-5,2.6656004264960665E-5,2.6656004264960665E-5,2.6656004264960665E-5,2.6656004264960665E-5,2.6656004264960665E-5,2.6656004264960665E-5,2.6656004264960665E-5,2.6656004264960665E-5,2.6656004264960665E-5,2.6656004264960665E-5,2.6656004264960665E-5,2.6656004264960665E-5,2.6656004264960665E-5,2.6656004264960665E-5
160,PRD
19,CATNODE,0,0.9997540277948597,1.2298610257040953E-4,1.2298610257040953E-4
72,CATNODE,4,1.223840411210379E-4,1.223840411210379E-4,1.223840411210379E-4,1.223840411210379E-4,1.223840411210379E-4,1.223840411210379E-4,1.223840411210379E-4,1.223840411210379E-4,1.223840411210379E-4,1.223840411210379E-4,1.223840411210379E-4,1.223840411210379E-4,1.223840411210379E-4,1.223840411210379E-4,1.223840411210379E-4,1.223840411210379E-4,1.223840411210379E-4,1.223840411210379E-4,1.223840411210379E-4,1.223840411210379E-4,1.223840411210379E-4,1.223840411210379E-4,1.223840411210379E-4,1.223840411210379E-4,1.223840411210379E-4,1.223840411210379E-4,1.223840411210379E-4,1.223840411210379E-4,1.223840411210379E-4,1.223840411210379E-4,1.223840411210379E-4,1.223840411210379E-4,1.223840411210379E-4,1.223840411210379E-4,1.223840411210379E-4,1.223840411210379E-4,1.223840411210379E-4,1.223840411210379E-4,1.223840411210379E-4,0.9948598702729168,1.223840411210379E-4,1.223840411210379E-4,1.223840411210379E-4
73,CATNODE,2,1.226391954868777E-4,0.9969340201128286,1.226391954868777E-4,1.226391954868777E-4,1.226391954868777E-4,1.226391954868777E-4,1.226391954868777E-4,1.226391954868777E-4,1.226391954868777E-4,1.226391954868777E-4,1.226391954868777E-4,1.226391954868777E-4,1.226391954868777E-4,1.226391954868777E-4,1.226391954868777E-4,1.226391954868777E-4,1.226391954868777E-4,1.226391954868777E-4,1.226391954868777E-4,1.226391954868777E-4,1.226391954868777E-4,1.226391954868777E-4,1.226391954868777E-4,1.226391954868777E-4,1.226391954868777E-4,1.226391954868777E-4
159,PRD
137,SUM
120,PRD
109,CATNODE,2,9.196247930844208E-5,9.196247930844208E-5,9.196247930844208E-5,9.196247930844208E-5,9.196247930844208E-5,9.196247930844208E-5,9.196247930844208E-5,9.196247930844208E-5,9.196247930844208E-5,9.196247930844208E-5,9.196247930844208E-5,9.196247930844208E-5,9.196247930844208E-5,9.196247930844208E-5,9.196247930844208E-5,9.196247930844208E-5,9.196247930844208E-5,9.196247930844208E-5,9.196247930844208E-5,9.196247930844208E-5,9.196247930844208E-5,9.196247930844208E-5,9.196247930844208E-5,9.196247930844208E-5,0.9977009380172882,9.196247930844208E-5
110,CATNODE,4,9.181893306399787E-5,9.181893306399787E-5,9.181893306399787E-5,9.181893306399787E-5,9.181893306399787E-5,9.181893306399787E-5,9.181893306399787E-5,9.181893306399787E-5,9.181893306399787E-5,9.181893306399787E-5,9.181893306399787E-5,9.181893306399787E-5,9.181893306399787E-5,9.181893306399787E-5,9.181893306399787E-5,9.181893306399787E-5,0.996143604811312,9.181893306399787E-5,9.181893306399787E-5,9.181893306399787E-5,9.181893306399787E-5,9.181893306399787E-5,9.181893306399787E-5,9.181893306399787E-5,9.181893306399787E-5,9.181893306399787E-5,9.181893306399787E-5,9.181893306399787E-5,9.181893306399787E-5,9.181893306399787E-5,9.181893306399787E-5,9.181893306399787E-5,9.181893306399787E-5,9.181893306399787E-5,9.181893306399787E-5,9.181893306399787E-5,9.181893306399787E-5,9.181893306399787E-5,9.181893306399787E-5,9.181893306399787E-5,9.181893306399787E-5,9.181893306399787E-5,9.181893306399787E-5
119,PRD
111,CATNODE,4,6.02881774883945E-5,6.02881774883945E-5,6.02881774883945E-5,6.02881774883945E-5,6.02881774883945E-5,6.02881774883945E-5,6.02881774883945E-5,6.02881774883945E-5,6.02881774883945E-5,6.02881774883945E-5,6.02881774883945E-5,6.02881774883945E-5,6.02881774883945E-5,6.02881774883945E-5,6.02881774883945E-5,0.9974678965454878,6.02881774883945E-5,6.02881774883945E-5,6.02881774883945E-5,6.02881774883945E-5,6.02881774883945E-5,6.02881774883945E-5,6.02881774883945E-5,6.02881774883945E-5,6.02881774883945E-5,6.02881774883945E-5,6.02881774883945E-5,6.02881774883945E-5,6.02881774883945E-5,6.02881774883945E-5,6.02881774883945E-5,6.02881774883945E-5,6.02881774883945E-5,6.02881774883945E-5,6.02881774883945E-5,6.02881774883945E-5,6.02881774883945E-5,6.02881774883945E-5,6.02881774883945E-5,6.02881774883945E-5,6.02881774883945E-5,6.02881774883945E-5,6.02881774883945E-5
112,CATNODE,2,6.0350030175015044E-5,6.0350030175015044E-5,6.0350030175015044E-5,6.0350030175015044E-5,6.0350030175015044E-5,6.0350030175015044E-5,6.0350030175015044E-5,6.0350030175015044E-5,6.0350030175015044E-5,6.0350030175015044E-5,6.0350030175015044E-5,6.0350030175015044E-5,6.0350030175015044E-5,6.0350030175015044E-5,6.0350030175015044E-5,6.0350030175015044E-5,6.0350030175015044E-5,6.0350030175015044E-5,6.0350030175015044E-5,6.0350030175015044E-5,6.0350030175015044E-5,6.0350030175015044E-5,6.0350030175015044E-5,6.0350030175015044E-5,6.0350030175015044E-5,0.9984912492456247
20,CATNODE,0,3.650301149844865E-5,0.9999269939770036,3.650301149844865E-5
5,CATNODE,3,4.670234725997325E-6,4.670234725997325E-6,4.670234725997325E-6,4.670234725997325E-6,4.670234725997325E-6,4.670234725997325E-6,4.670234725997325E-6,4.670234725997325E-6,4.670234725997325E-6,0.9999579678874653
6,CATNODE,1,0.9999859889032108,4.670365596218869E-6,4.670365596218869E-6,4.670365596218869E-6
175,PRD
168,SUM
158,PRD
21,CATNODE,4,5.021340697966356E-5,5.021340697966356E-5,5.021340697966356E-5,5.021340697966356E-5,5.021340697966356E-5,5.021340697966356E-5,5.021340697966356E-5,5.021340697966356E-5,5.021340697966356E-5,5.021340697966356E-5,5.021340697966356E-5,5.021340697966356E-5,5.021340697966356E-5,5.021340697966356E-5,5.021340697966356E-5,5.021340697966356E-5,5.021340697966356E-5,5.021340697966356E-5,5.021340697966356E-5,5.021340697966356E-5,5.021340697966356E-5,5.021340697966356E-5,5.021340697966356E-5,5.021340697966356E-5,5.021340697966356E-5,5.021340697966356E-5,5.021340697966356E-5,5.021340697966356E-5,5.021340697966356E-5,5.021340697966356E-5,5.021340697966356E-5,0.9978910369068545,5.021340697966356E-5,5.021340697966356E-5,5.021340697966356E-5,5.021340697966356E-5,5.021340697966356E-5,5.021340697966356E-5,5.021340697966356E-5,5.021340697966356E-5,5.021340697966356E-5,5.021340697966356E-5,5.021340697966356E-5
22,CATNODE,2,5.0256307166549365E-5,5.0256307166549365E-5,5.0256307166549365E-5,5.0256307166549365E-5,5.0256307166549365E-5,5.0256307166549365E-5,5.0256307166549365E-5,5.0256307166549365E-5,5.0256307166549365E-5,5.0256307166549365E-5,5.0256307166549365E-5,5.0256307166549365E-5,5.0256307166549365E-5,5.0256307166549365E-5,0.9987435923208361,5.0256307166549365E-5,5.0256307166549365E-5,5.0256307166549365E-5,5.0256307166549365E-5,5.0256307166549365E-5,5.0256307166549365E-5,5.0256307166549365E-5,5.0256307166549365E-5,5.0256307166549365E-5,5.0256307166549365E-5,5.0256307166549365E-5
157,PRD
23,CATNODE,2,1.8013474078610795E-5,1.8013474078610795E-5,1.8013474078610795E-5,1.8013474078610795E-5,1.8013474078610795E-5,1.8013474078610795E-5,1.8013474078610795E-5,1.8013474078610795E-5,1.8013474078610795E-5,1.8013474078610795E-5,1.8013474078610795E-5,1.8013474078610795E-5,1.8013474078610795E-5,1.8013474078610795E-5,1.8013474078610795E-5,1.8013474078610795E-5,1.8013474078610795E-5,1.8013474078610795E-5,1.8013474078610795E-5,1.8013474078610795E-5,1.8013474078610795E-5,1.8013474078610795E-5,1.8013474078610795E-5,1.8013474078610795E-5,1.8013474078610795E-5,0.999549663148035
24,CATNODE,4,1.8007959518107003E-5,1.8007959518107003E-5,1.8007959518107003E-5,1.8007959518107003E-5,1.8007959518107003E-5,1.8007959518107003E-5,1.8007959518107003E-5,1.8007959518107003E-5,1.8007959518107003E-5,1.8007959518107003E-5,1.8007959518107003E-5,1.8007959518107003E-5,1.8007959518107003E-5,0.99924366570024,1.8007959518107003E-5,1.8007959518107003E-5,1.8007959518107003E-5,1.8007959518107003E-5,1.8007959518107003E-5,1.8007959518107003E-5,1.8007959518107003E-5,1.8007959518107003E-5,1.8007959518107003E-5,1.8007959518107003E-5,1.8007959518107003E-5,1.8007959518107003E-5,1.8007959518107003E-5,1.8007959518107003E-5,1.8007959518107003E-5,1.8007959518107003E-5,1.8007959518107003E-5,1.8007959518107003E-5,1.8007959518107003E-5,1.8007959518107003E-5,1.8007959518107003E-5,1.8007959518107003E-5,1.8007959518107003E-5,1.8007959518107003E-5,1.8007959518107003E-5,1.8007959518107003E-5,1.8007959518107003E-5,1.8007959518107003E-5,1.8007959518107003E-5
156,PRD
25,CATNODE,4,1.4444604940054895E-4,1.4444604940054895E-4,1.4444604940054895E-4,1.4444604940054895E-4,1.4444604940054895E-4,1.4444604940054895E-4,1.4444604940054895E-4,1.4444604940054895E-4,1.4444604940054895E-4,1.4444604940054895E-4,1.4444604940054895E-4,1.4444604940054895E-4,1.4444604940054895E-4,1.4444604940054895E-4,1.4444604940054895E-4,1.4444604940054895E-4,1.4444604940054895E-4,1.4444604940054895E-4,1.4444604940054895E-4,1.4444604940054895E-4,1.4444604940054895E-4,1.4444604940054895E-4,1.4444604940054895E-4,1.4444604940054895E-4,0.9939332659251764,1.4444604940054895E-4,1.4444604940054895E-4,1.4444604940054895E-4,1.4444604940054895E-4,1.4444604940054895E-4,1.4444604940054895E-4,1.4444604940054895E-4,1.4444604940054895E-4,1.4444604940054895E-4,1.4444604940054895E-4,1.4444604940054895E-4,1.4444604940054895E-4,1.4444604940054895E-4,1.4444604940054895E-4,1.4444604940054895E-4,1.4444604940054895E-4,1.4444604940054895E-4,1.4444604940054895E-4
26,CATNODE,2,1.4480162177816383E-4,1.4480162177816383E-4,1.4480162177816383E-4,1.4480162177816383E-4,1.4480162177816383E-4,1.4480162177816383E-4,1.4480162177816383E-4,1.4480162177816383E-4,1.4480162177816383E-4,1.4480162177816383E-4,1.4480162177816383E-4,1.4480162177816383E-4,1.4480162177816383E-4,1.4480162177816383E-4,1.4480162177816383E-4,1.4480162177816383E-4,1.4480162177816383E-4,1.4480162177816383E-4,1.4480162177816383E-4,0.9963799594555454,1.4480162177816383E-4,1.4480162177816383E-4,1.4480162177816383E-4,1.4480162177816383E-4,1.4480162177816383E-4,1.4480162177816383E-4
155,PRD
27,CATNODE,4,1.4444604940054895E-4,1.4444604940054895E-4,1.4444604940054895E-4,1.4444604940054895E-4,1.4444604940054895E-4,1.4444604940054895E-4,1.4444604940054895E-4,1.4444604940054895E-4,1.4444604940054895E-4,1.4444604940054895E-4,1.4444604940054895E-4,1.4444604940054895E-4,1.4444604940054895E-4,1.4444604940054895E-4,1.4444604940054895E-4,1.4444604940054895E-4,1.4444604940054895E-4,1.4444604940054895E-4,1.4444604940054895E-4,1.4444604940054895E-4,1.4444604940054895E-4,1.4444604940054895E-4,1.4444604940054895E-4,1.4444604940054895E-4,1.4444604940054895E-4,1.4444604940054895E-4,1.4444604940054895E-4,1.4444604940054895E-4,1.4444604940054895E-4,0.9939332659251764,1.4444604940054895E-4,1.4444604940054895E-4,1.4444604940054895E-4,1.4444604940054895E-4,1.4444604940054895E-4,1.4444604940054895E-4,1.4444604940054895E-4,1.4444604940054895E-4,1.4444604940054895E-4,1.4444604940054895E-4,1.4444604940054895E-4,1.4444604940054895E-4,1.4444604940054895E-4
28,CATNODE,2,1.4480162177816383E-4,1.4480162177816383E-4,1.4480162177816383E-4,1.4480162177816383E-4,1.4480162177816383E-4,1.4480162177816383E-4,1.4480162177816383E-4,1.4480162177816383E-4,1.4480162177816383E-4,0.9963799594555454,1.4480162177816383E-4,1.4480162177816383E-4,1.4480162177816383E-4,1.4480162177816383E-4,1.4480162177816383E-4,1.4480162177816383E-4,1.4480162177816383E-4,1.4480162177816383E-4,1.4480162177816383E-4,1.4480162177816383E-4,1.4480162177816383E-4,1.4480162177816383E-4,1.4480162177816383E-4,1.4480162177816383E-4,1.4480162177816383E-4,1.4480162177816383E-4
154,PRD
29,CATNODE,4,3.210582078530836E-5,3.210582078530836E-5,3.210582078530836E-5,3.210582078530836E-5,3.210582078530836E-5,3.210582078530836E-5,3.210582078530836E-5,3.210582078530836E-5,3.210582078530836E-5,3.210582078530836E-5,3.210582078530836E-5,3.210582078530836E-5,3.210582078530836E-5,3.210582078530836E-5,3.210582078530836E-5,3.210582078530836E-5,3.210582078530836E-5,3.210582078530836E-5,0.9986515555270169,3.210582078530836E-5,3.210582078530836E-5,3.210582078530836E-5,3.210582078530836E-5,3.210582078530836E-5,3.210582078530836E-5,3.210582078530836E-5,3.210582078530836E-5,3.210582078530836E-5,3.210582078530836E-5,3.210582078530836E-5,3.210582078530836E-5,3.210582078530836E-5,3.210582078530836E-5,3.210582078530836E-5,3.210582078530836E-5,3.210582078530836E-5,3.210582078530836E-5,3.210582078530836E-5,3.210582078530836E-5,3.210582078530836E-5,3.210582078530836E-5,3.210582078530836E-5,3.210582078530836E-5
30,CATNODE,2,3.212335367812401E-5,3.212335367812401E-5,3.212335367812401E-5,3.212335367812401E-5,3.212335367812401E-5,3.212335367812401E-5,3.212335367812401E-5,3.212335367812401E-5,3.212335367812401E-5,3.212335367812401E-5,3.212335367812401E-5,3.212335367812401E-5,3.212335367812401E-5,3.212335367812401E-5,3.212335367812401E-5,0.999196916158047,3.212335367812401E-5,3.212335367812401E-5,3.212335367812401E-5,3.212335367812401E-5,3.212335367812401E-5,3.212335367812401E-5,3.212335367812401E-5,3.212335367812401E-5,3.212335367812401E-5,3.212335367812401E-5
153,PRD
31,CATNODE,2,2.926543751829089E-5,2.926543751829089E-5,2.926543751829089E-5,2.926543751829089E-5,2.926543751829089E-5,2.926543751829089E-5,0.9992683640620427,2.926543751829089E-5,2.926543751829089E-5,2.926543751829089E-5,2.926543751829089E-5,2.926543751829089E-5,2.926543751829089E-5,2.926543751829089E-5,2.926543751829089E-5,2.926543751829089E-5,2.926543751829089E-5,2.926543751829089E-5,2.926543751829089E-5,2.926543751829089E-5,2.926543751829089E-5,2.926543751829089E-5,2.926543751829089E-5,2.926543751829089E-5,2.926543751829089E-5,2.926543751829089E-5
32,CATNODE,4,2.925088483926638E-5,2.925088483926638E-5,2.925088483926638E-5,2.925088483926638E-5,2.925088483926638E-5,2.925088483926638E-5,2.925088483926638E-5,2.925088483926638E-5,2.925088483926638E-5,2.925088483926638E-5,2.925088483926638E-5,0.9987714628367508,2.925088483926638E-5,2.925088483926638E-5,2.925088483926638E-5,2.925088483926638E-5,2.925088483926638E-5,2.925088483926638E-5,2.925088483926638E-5,2.925088483926638E-5,2.925088483926638E-5,2.925088483926638E-5,2.925088483926638E-5,2.925088483926638E-5,2.925088483926638E-5,2.925088483926638E-5,2.925088483926638E-5,2.925088483926638E-5,2.925088483926638E-5,2.925088483926638E-5,2.925088483926638E-5,2.925088483926638E-5,2.925088483926638E-5,2.925088483926638E-5,2.925088483926638E-5,2.925088483926638E-5,2.925088483926638E-5,2.925088483926638E-5,2.925088483926638E-5,2.925088483926638E-5,2.925088483926638E-5,2.925088483926638E-5,2.925088483926638E-5
152,PRD
33,CATNODE,4,1.0545186122535065E-4,1.0545186122535065E-4,1.0545186122535065E-4,1.0545186122535065E-4,1.0545186122535065E-4,1.0545186122535065E-4,1.0545186122535065E-4,1.0545186122535065E-4,1.0545186122535065E-4,1.0545186122535065E-4,1.0545186122535065E-4,1.0545186122535065E-4,1.0545186122535065E-4,1.0545186122535065E-4,1.0545186122535065E-4,1.0545186122535065E-4,1.0545186122535065E-4,1.0545186122535065E-4,1.0545186122535065E-4,1.0545186122535065E-4,1.0545186122535065E-4,1.0545186122535065E-4,0.9955710218285352,1.0545186122535065E-4,1.0545186122535065E-4,1.0545186122535065E-4,1.0545186122535065E-4,1.0545186122535065E-4,1.0545186122535065E-4,1.0545186122535065E-4,1.0545186122535065E-4,1.0545186122535065E-4,1.0545186122535065E-4,1.0545186122535065E-4,1.0545186122535065E-4,1.0545186122535065E-4,1.0545186122535065E-4,1.0545186122535065E-4,1.0545186122535065E-4,1.0545186122535065E-4,1.0545186122535065E-4,1.0545186122535065E-4,1.0545186122535065E-4
34,CATNODE,2,1.0564124234100993E-4,1.0564124234100993E-4,1.0564124234100993E-4,1.0564124234100993E-4,1.0564124234100993E-4,1.0564124234100993E-4,1.0564124234100993E-4,1.0564124234100993E-4,1.0564124234100993E-4,1.0564124234100993E-4,0.9973589689414745,1.0564124234100993E-4,1.0564124234100993E-4,1.0564124234100993E-4,1.0564124234100993E-4,1.0564124234100993E-4,1.0564124234100993E-4,1.0564124234100993E-4,1.0564124234100993E-4,1.0564124234100993E-4,1.0564124234100993E-4,1.0564124234100993E-4,1.0564124234100993E-4,1.0564124234100993E-4,1.0564124234100993E-4,1.0564124234100993E-4
151,PRD
35,CATNODE,2,1.0857763300760041E-4,1.0857763300760041E-4,1.0857763300760041E-4,1.0857763300760041E-4,0.9972855591748103,1.0857763300760041E-4,1.0857763300760041E-4,1.0857763300760041E-4,1.0857763300760041E-4,1.0857763300760041E-4,1.0857763300760041E-4,1.0857763300760041E-4,1.0857763300760041E-4,1.0857763300760041E-4,1.0857763300760041E-4,1.0857763300760041E-4,1.0857763300760041E-4,1.0857763300760041E-4,1.0857763300760041E-4,1.0857763300760041E-4,1.0857763300760041E-4,1.0857763300760041E-4,1.0857763300760041E-4,1.0857763300760041E-4,1.0857763300760041E-4,1.0857763300760041E-4
36,CATNODE,4,1.0837758751490197E-4,1.0837758751490197E-4,1.0837758751490197E-4,1.0837758751490197E-4,1.0837758751490197E-4,1.0837758751490197E-4,1.0837758751490197E-4,1.0837758751490197E-4,1.0837758751490197E-4,1.0837758751490197E-4,1.0837758751490197E-4,1.0837758751490197E-4,1.0837758751490197E-4,1.0837758751490197E-4,1.0837758751490197E-4,1.0837758751490197E-4,1.0837758751490197E-4,1.0837758751490197E-4,1.0837758751490197E-4,1.0837758751490197E-4,0.9954481413243743,1.0837758751490197E-4,1.0837758751490197E-4,1.0837758751490197E-4,1.0837758751490197E-4,1.0837758751490197E-4,1.0837758751490197E-4,1.0837758751490197E-4,1.0837758751490197E-4,1.0837758751490197E-4,1.0837758751490197E-4,1.0837758751490197E-4,1.0837758751490197E-4,1.0837758751490197E-4,1.0837758751490197E-4,1.0837758751490197E-4,1.0837758751490197E-4,1.0837758751490197E-4,1.0837758751490197E-4,1.0837758751490197E-4,1.0837758751490197E-4,1.0837758751490197E-4,1.0837758751490197E-4
150,PRD
37,CATNODE,2,2.5745327223109003E-5,2.5745327223109003E-5,2.5745327223109003E-5,2.5745327223109003E-5,2.5745327223109003E-5,2.5745327223109003E-5,2.5745327223109003E-5,2.5745327223109003E-5,2.5745327223109003E-5,2.5745327223109003E-5,2.5745327223109003E-5,2.5745327223109003E-5,2.5745327223109003E-5,2.5745327223109003E-5,2.5745327223109003E-5,2.5745327223109003E-5,2.5745327223109003E-5,2.5745327223109003E-5,2.5745327223109003E-5,2.5745327223109003E-5,0.9993563668194229,2.5745327223109003E-5,2.5745327223109003E-5,2.5745327223109003E-5,2.5745327223109003E-5,2.5745327223109003E-5
38,CATNODE,4,2.5734064180756075E-5,2.5734064180756075E-5,2.5734064180756075E-5,2.5734064180756075E-5,2.5734064180756075E-5,2.5734064180756075E-5,2.5734064180756075E-5,2.5734064180756075E-5,2.5734064180756075E-5,2.5734064180756075E-5,2.5734064180756075E-5,2.5734064180756075E-5,2.5734064180756075E-5,2.5734064180756075E-5,2.5734064180756075E-5,2.5734064180756075E-5,2.5734064180756075E-5,2.5734064180756075E-5,2.5734064180756075E-5,2.5734064180756075E-5,2.5734064180756075E-5,2.5734064180756075E-5,2.5734064180756075E-5,2.5734064180756075E-5,2.5734064180756075E-5,0.9989191693044084,2.5734064180756075E-5,2.5734064180756075E-5,2.5734064180756075E-5,2.5734064180756075E-5,2.5734064180756075E-5,2.5734064180756075E-5,2.5734064180756075E-5,2.5734064180756075E-5,2.5734064180756075E-5,2.5734064180756075E-5,2.5734064180756075E-5,2.5734064180756075E-5,2.5734064180756075E-5,2.5734064180756075E-5,2.5734064180756075E-5,2.5734064180756075E-5,2.5734064180756075E-5
149,PRD
39,CATNODE,2,6.354047528275512E-5,6.354047528275512E-5,6.354047528275512E-5,6.354047528275512E-5,6.354047528275512E-5,6.354047528275512E-5,6.354047528275512E-5,6.354047528275512E-5,6.354047528275512E-5,6.354047528275512E-5,6.354047528275512E-5,6.354047528275512E-5,6.354047528275512E-5,6.354047528275512E-5,6.354047528275512E-5,6.354047528275512E-5,6.354047528275512E-5,6.354047528275512E-5,6.354047528275512E-5,6.354047528275512E-5,6.354047528275512E-5,6.354047528275512E-5,6.354047528275512E-5,0.9984114881179317,6.354047528275512E-5,6.354047528275512E-5
40,CATNODE,4,6.347191367819738E-5,6.347191367819738E-5,6.347191367819738E-5,6.347191367819738E-5,6.347191367819738E-5,6.347191367819738E-5,6.347191367819738E-5,6.347191367819738E-5,6.347191367819738E-5,6.347191367819738E-5,6.347191367819738E-5,6.347191367819738E-5,6.347191367819738E-5,6.347191367819738E-5,6.347191367819738E-5,6.347191367819738E-5,6.347191367819738E-5,6.347191367819738E-5,6.347191367819738E-5,6.347191367819738E-5,6.347191367819738E-5,6.347191367819738E-5,6.347191367819738E-5,6.347191367819738E-5,6.347191367819738E-5,6.347191367819738E-5,0.997334179625516,6.347191367819738E-5,6.347191367819738E-5,6.347191367819738E-5,6.347191367819738E-5,6.347191367819738E-5,6.347191367819738E-5,6.347191367819738E-5,6.347191367819738E-5,6.347191367819738E-5,6.347191367819738E-5,6.347191367819738E-5,6.347191367819738E-5,6.347191367819738E-5,6.347191367819738E-5,6.347191367819738E-5,6.347191367819738E-5
148,PRD
41,CATNODE,2,7.17051484296573E-5,7.17051484296573E-5,7.17051484296573E-5,7.17051484296573E-5,7.17051484296573E-5,7.17051484296573E-5,7.17051484296573E-5,7.17051484296573E-5,7.17051484296573E-5,7.17051484296573E-5,7.17051484296573E-5,7.17051484296573E-5,7.17051484296573E-5,7.17051484296573E-5,7.17051484296573E-5,7.17051484296573E-5,7.17051484296573E-5,7.17051484296573E-5,0.9982073712892586,7.17051484296573E-5,7.17051484296573E-5,7.17051484296573E-5,7.17051484296573E-5,7.17051484296573E-5,7.17051484296573E-5,7.17051484296573E-5
42,CATNODE,4,7.16178471675142E-5,7.16178471675142E-5,7.16178471675142E-5,7.16178471675142E-5,7.16178471675142E-5,7.16178471675142E-5,7.16178471675142E-5,7.16178471675142E-5,7.16178471675142E-5,7.16178471675142E-5,7.16178471675142E-5,7.16178471675142E-5,7.16178471675142E-5,7.16178471675142E-5,7.16178471675142E-5,7.16178471675142E-5,7.16178471675142E-5,7.16178471675142E-5,7.16178471675142E-5,7.16178471675142E-5,7.16178471675142E-5,7.16178471675142E-5,7.16178471675142E-5,7.16178471675142E-5,7.16178471675142E-5,7.16178471675142E-5,7.16178471675142E-5,7.16178471675142E-5,0.9969920504189645,7.16178471675142E-5,7.16178471675142E-5,7.16178471675142E-5,7.16178471675142E-5,7.16178471675142E-5,7.16178471675142E-5,7.16178471675142E-5,7.16178471675142E-5,7.16178471675142E-5,7.16178471675142E-5,7.16178471675142E-5,7.16178471675142E-5,7.16178471675142E-5,7.16178471675142E-5
147,PRD
43,CATNODE,2,8.882572392965008E-5,8.882572392965008E-5,8.882572392965008E-5,8.882572392965008E-5,8.882572392965008E-5,8.882572392965008E-5,8.882572392965008E-5,8.882572392965008E-5,8.882572392965008E-5,8.882572392965008E-5,8.882572392965008E-5,8.882572392965008E-5,8.882572392965008E-5,8.882572392965008E-5,8.882572392965008E-5,8.882572392965008E-5,0.9977793569017586,8.882572392965008E-5,8.882572392965008E-5,8.882572392965008E-5,8.882572392965008E-5,8.882572392965008E-5,8.882572392965008E-5,8.882572392965008E-5,8.882572392965008E-5,8.882572392965008E-5
44,CATNODE,4,8.86917960088692E-5,8.86917960088692E-5,8.86917960088692E-5,8.86917960088692E-5,8.86917960088692E-5,8.86917960088692E-5,8.86917960088692E-5,8.86917960088692E-5,8.86917960088692E-5,8.86917960088692E-5,8.86917960088692E-5,8.86917960088692E-5,8.86917960088692E-5,8.86917960088692E-5,8.86917960088692E-5,8.86917960088692E-5,8.86917960088692E-5,8.86917960088692E-5,8.86917960088692E-5,8.86917960088692E-5,8.86917960088692E-5,8.86917960088692E-5,8.86917960088692E-5,8.86917960088692E-5,8.86917960088692E-5,8.86917960088692E-5,8.86917960088692E-5,8.86917960088692E-5,8.86917960088692E-5,8.86917960088692E-5,0.9962749445676271,8.86917960088692E-5,8.86917960088692E-5,8.86917960088692E-5,8.86917960088692E-5,8.86917960088692E-5,8.86917960088692E-5,8.86917960088692E-5,8.86917960088692E-5,8.86917960088692E-5,8.86917960088692E-5,8.86917960088692E-5,8.86917960088692E-5
7,CATNODE,3,3.957543473615056E-6,3.957543473615056E-6,3.957543473615056E-6,3.957543473615056E-6,3.957543473615056E-6,3.957543473615056E-6,3.957543473615056E-6,3.957543473615056E-6,3.957543473615056E-6,0.9999643821087383
45,CATNODE,1,3.95763744874859E-6,3.95763744874859E-6,3.95763744874859E-6,0.9999881270876538
46,CATNODE,0,3.95765311170476E-6,0.9999920846937781,3.95765311170476E-6
174,PRD
1,CATNODE,3,1.5130882130428212E-5,1.5130882130428212E-5,1.5130882130428212E-5,1.5130882130428212E-5,1.5130882130428212E-5,1.5130882130428212E-5,1.5130882130428212E-5,1.5130882130428212E-5,1.5130882130428212E-5,0.9998638220608265
8,CATNODE,0,1.5132484905346301E-5,1.5132484905346301E-5,0.9999697350301895
146,SUM
136,PRD
74,CATNODE,1,1.8478823268534265E-5,0.9999445635301942,1.8478823268534265E-5,1.8478823268534265E-5
113,CATNODE,2,1.8471314049281463E-5,1.8471314049281463E-5,1.8471314049281463E-5,1.8471314049281463E-5,1.8471314049281463E-5,1.8471314049281463E-5,1.8471314049281463E-5,1.8471314049281463E-5,1.8471314049281463E-5,1.8471314049281463E-5,1.8471314049281463E-5,1.8471314049281463E-5,1.8471314049281463E-5,1.8471314049281463E-5,1.8471314049281463E-5,1.8471314049281463E-5,1.8471314049281463E-5,1.8471314049281463E-5,1.8471314049281463E-5,1.8471314049281463E-5,1.8471314049281463E-5,1.8471314049281463E-5,1.8471314049281463E-5,1.8471314049281463E-5,1.8471314049281463E-5,0.9995382171487681
114,CATNODE,4,1.846551564952452E-5,1.846551564952452E-5,1.846551564952452E-5,1.846551564952452E-5,1.846551564952452E-5,1.846551564952452E-5,1.846551564952452E-5,1.846551564952452E-5,1.846551564952452E-5,1.846551564952452E-5,1.846551564952452E-5,1.846551564952452E-5,0.9992244483427197,1.846551564952452E-5,1.846551564952452E-5,1.846551564952452E-5,1.846551564952452E-5,1.846551564952452E-5,1.846551564952452E-5,1.846551564952452E-5,1.846551564952452E-5,1.846551564952452E-5,1.846551564952452E-5,1.846551564952452E-5,1.846551564952452E-5,1.846551564952452E-5,1.846551564952452E-5,1.846551564952452E-5,1.846551564952452E-5,1.846551564952452E-5,1.846551564952452E-5,1.846551564952452E-5,1.846551564952452E-5,1.846551564952452E-5,1.846551564952452E-5,1.846551564952452E-5,1.846551564952452E-5,1.846551564952452E-5,1.846551564952452E-5,1.846551564952452E-5,1.846551564952452E-5,1.846551564952452E-5,1.846551564952452E-5
135,PRD
75,CATNODE,1,0.9995016611295673,1.6611295681063108E-4,1.6611295681063108E-4,1.6611295681063108E-4
115,CATNODE,4,1.650437365901964E-4,1.650437365901964E-4,1.650437365901964E-4,1.650437365901964E-4,1.650437365901964E-4,1.650437365901964E-4,1.650437365901964E-4,1.650437365901964E-4,1.650437365901964E-4,1.650437365901964E-4,1.650437365901964E-4,1.650437365901964E-4,1.650437365901964E-4,1.650437365901964E-4,1.650437365901964E-4,1.650437365901964E-4,1.650437365901964E-4,1.650437365901964E-4,1.650437365901964E-4,1.650437365901964E-4,1.650437365901964E-4,1.650437365901964E-4,1.650437365901964E-4,1.650437365901964E-4,1.650437365901964E-4,1.650437365901964E-4,1.650437365901964E-4,1.650437365901964E-4,1.650437365901964E-4,1.650437365901964E-4,1.650437365901964E-4,1.650437365901964E-4,1.650437365901964E-4,1.650437365901964E-4,1.650437365901964E-4,1.650437365901964E-4,1.650437365901964E-4,1.650437365901964E-4,1.650437365901964E-4,1.650437365901964E-4,1.650437365901964E-4,1.650437365901964E-4,0.9930681630632117
116,CATNODE,2,1.65508109897385E-4,1.65508109897385E-4,1.65508109897385E-4,1.65508109897385E-4,1.65508109897385E-4,1.65508109897385E-4,1.65508109897385E-4,1.65508109897385E-4,1.65508109897385E-4,1.65508109897385E-4,1.65508109897385E-4,1.65508109897385E-4,0.9958622972525647,1.65508109897385E-4,1.65508109897385E-4,1.65508109897385E-4,1.65508109897385E-4,1.65508109897385E-4,1.65508109897385E-4,1.65508109897385E-4,1.65508109897385E-4,1.65508109897385E-4,1.65508109897385E-4,1.65508109897385E-4,1.65508109897385E-4,1.65508109897385E-4
134,PRD
76,CATNODE,1,0.9994963062458025,1.678979180658159E-4,1.678979180658159E-4,1.678979180658159E-4
117,CATNODE,2,1.6728002676480436E-4,1.6728002676480436E-4,1.6728002676480436E-4,1.6728002676480436E-4,1.6728002676480436E-4,1.6728002676480436E-4,1.6728002676480436E-4,1.6728002676480436E-4,1.6728002676480436E-4,1.6728002676480436E-4,1.6728002676480436E-4,1.6728002676480436E-4,1.6728002676480436E-4,1.6728002676480436E-4,1.6728002676480436E-4,1.6728002676480436E-4,1.6728002676480436E-4,1.6728002676480436E-4,1.6728002676480436E-4,1.6728002676480436E-4,1.6728002676480436E-4,1.6728002676480436E-4,1.6728002676480436E-4,1.6728002676480436E-4,1.6728002676480436E-4,0.9958179993308799
118,CATNODE,4,1.668056713928275E-4,1.668056713928275E-4,1.668056713928275E-4,1.668056713928275E-4,1.668056713928275E-4,1.668056713928275E-4,1.668056713928275E-4,1.668056713928275E-4,1.668056713928275E-4,1.668056713928275E-4,1.668056713928275E-4,1.668056713928275E-4,1.668056713928275E-4,1.668056713928275E-4,1.668056713928275E-4,1.668056713928275E-4,1.668056713928275E-4,1.668056713928275E-4,1.668056713928275E-4,1.668056713928275E-4,1.668056713928275E-4,1.668056713928275E-4,1.668056713928275E-4,1.668056713928275E-4,1.668056713928275E-4,1.668056713928275E-4,1.668056713928275E-4,1.668056713928275E-4,1.668056713928275E-4,1.668056713928275E-4,1.668056713928275E-4,1.668056713928275E-4,0.9929941618015018,1.668056713928275E-4,1.668056713928275E-4,1.668056713928275E-4,1.668056713928275E-4,1.668056713928275E-4,1.668056713928275E-4,1.668056713928275E-4,1.668056713928275E-4,1.668056713928275E-4,1.668056713928275E-4
173,PRD
2,CATNODE,3,1.353802832155525E-5,1.353802832155525E-5,1.353802832155525E-5,1.353802832155525E-5,1.353802832155525E-5,1.353802832155525E-5,1.353802832155525E-5,1.353802832155525E-5,1.353802832155525E-5,0.9998781577451059
145,SUM
133,PRD
77,CATNODE,2,5.642703983749012E-5,5.642703983749012E-5,5.642703983749012E-5,5.642703983749012E-5,0.9985893240040631,5.642703983749012E-5,5.642703983749012E-5,5.642703983749012E-5,5.642703983749012E-5,5.642703983749012E-5,5.642703983749012E-5,5.642703983749012E-5,5.642703983749012E-5,5.642703983749012E-5,5.642703983749012E-5,5.642703983749012E-5,5.642703983749012E-5,5.642703983749012E-5,5.642703983749012E-5,5.642703983749012E-5,5.642703983749012E-5,5.642703983749012E-5,5.642703983749012E-5,5.642703983749012E-5,5.642703983749012E-5,5.642703983749012E-5
78,CATNODE,4,5.637296352669257E-5,5.637296352669257E-5,5.637296352669257E-5,5.637296352669257E-5,5.637296352669257E-5,5.637296352669257E-5,5.637296352669257E-5,5.637296352669257E-5,5.637296352669257E-5,5.637296352669257E-5,5.637296352669257E-5,5.637296352669257E-5,5.637296352669257E-5,5.637296352669257E-5,5.637296352669257E-5,5.637296352669257E-5,5.637296352669257E-5,5.637296352669257E-5,5.637296352669257E-5,5.637296352669257E-5,5.637296352669257E-5,5.637296352669257E-5,5.637296352669257E-5,5.637296352669257E-5,5.637296352669257E-5,5.637296352669257E-5,5.637296352669257E-5,5.637296352669257E-5,5.637296352669257E-5,5.637296352669257E-5,5.637296352669257E-5,5.637296352669257E-5,5.637296352669257E-5,0.9976323355318789,5.637296352669257E-5,5.637296352669257E-5,5.637296352669257E-5,5.637296352669257E-5,5.637296352669257E-5,5.637296352669257E-5,5.637296352669257E-5,5.637296352669257E-5,5.637296352669257E-5
132,PRD
79,CATNODE,2,3.297065611605671E-5,3.297065611605671E-5,3.297065611605671E-5,3.297065611605671E-5,3.297065611605671E-5,3.297065611605671E-5,0.9991757335970985,3.297065611605671E-5,3.297065611605671E-5,3.297065611605671E-5,3.297065611605671E-5,3.297065611605671E-5,3.297065611605671E-5,3.297065611605671E-5,3.297065611605671E-5,3.297065611605671E-5,3.297065611605671E-5,3.297065611605671E-5,3.297065611605671E-5,3.297065611605671E-5,3.297065611605671E-5,3.297065611605671E-5,3.297065611605671E-5,3.297065611605671E-5,3.297065611605671E-5,3.297065611605671E-5
80,CATNODE,4,3.295218637756613E-5,3.295218637756613E-5,3.295218637756613E-5,3.295218637756613E-5,3.295218637756613E-5,3.295218637756613E-5,3.295218637756613E-5,3.295218637756613E-5,3.295218637756613E-5,3.295218637756613E-5,3.295218637756613E-5,3.295218637756613E-5,3.295218637756613E-5,3.295218637756613E-5,3.295218637756613E-5,3.295218637756613E-5,3.295218637756613E-5,3.295218637756613E-5,3.295218637756613E-5,3.295218637756613E-5,3.295218637756613E-5,3.295218637756613E-5,3.295218637756613E-5,3.295218637756613E-5,3.295218637756613E-5,3.295218637756613E-5,3.295218637756613E-5,3.295218637756613E-5,3.295218637756613E-5,3.295218637756613E-5,3.295218637756613E-5,3.295218637756613E-5,3.295218637756613E-5,3.295218637756613E-5,3.295218637756613E-5,0.9986160081721421,3.295218637756613E-5,3.295218637756613E-5,3.295218637756613E-5,3.295218637756613E-5,3.295218637756613E-5,3.295218637756613E-5,3.295218637756613E-5
131,PRD
81,CATNODE,4,1.8453589223103896E-4,1.8453589223103896E-4,1.8453589223103896E-4,1.8453589223103896E-4,1.8453589223103896E-4,1.8453589223103896E-4,1.8453589223103896E-4,1.8453589223103896E-4,1.8453589223103896E-4,1.8453589223103896E-4,1.8453589223103896E-4,1.8453589223103896E-4,1.8453589223103896E-4,1.8453589223103896E-4,1.8453589223103896E-4,1.8453589223103896E-4,1.8453589223103896E-4,1.8453589223103896E-4,1.8453589223103896E-4,1.8453589223103896E-4,1.8453589223103896E-4,1.8453589223103896E-4,1.8453589223103896E-4,1.8453589223103896E-4,1.8453589223103896E-4,1.8453589223103896E-4,1.8453589223103896E-4,1.8453589223103896E-4,1.8453589223103896E-4,1.8453589223103896E-4,1.8453589223103896E-4,1.8453589223103896E-4,1.8453589223103896E-4,1.8453589223103896E-4,1.8453589223103896E-4,1.8453589223103896E-4,1.8453589223103896E-4,0.9922494925262964,1.8453589223103896E-4,1.8453589223103896E-4,1.8453589223103896E-4,1.8453589223103896E-4,1.8453589223103896E-4
82,CATNODE,2,1.8511662347278797E-4,1.8511662347278797E-4,1.8511662347278797E-4,1.8511662347278797E-4,1.8511662347278797E-4,1.8511662347278797E-4,1.8511662347278797E-4,0.9953720844131808,1.8511662347278797E-4,1.8511662347278797E-4,1.8511662347278797E-4,1.8511662347278797E-4,1.8511662347278797E-4,1.8511662347278797E-4,1.8511662347278797E-4,1.8511662347278797E-4,1.8511662347278797E-4,1.8511662347278797E-4,1.8511662347278797E-4,1.8511662347278797E-4,1.8511662347278797E-4,1.8511662347278797E-4,1.8511662347278797E-4,1.8511662347278797E-4,1.8511662347278797E-4,1.8511662347278797E-4
130,PRD
83,CATNODE,2,1.0022048506714766E-4,1.0022048506714766E-4,1.0022048506714766E-4,1.0022048506714766E-4,1.0022048506714766E-4,1.0022048506714766E-4,1.0022048506714766E-4,1.0022048506714766E-4,0.997494487873321,1.0022048506714766E-4,1.0022048506714766E-4,1.0022048506714766E-4,1.0022048506714766E-4,1.0022048506714766E-4,1.0022048506714766E-4,1.0022048506714766E-4,1.0022048506714766E-4,1.0022048506714766E-4,1.0022048506714766E-4,1.0022048506714766E-4,1.0022048506714766E-4,1.0022048506714766E-4,1.0022048506714766E-4,1.0022048506714766E-4,1.0022048506714766E-4,1.0022048506714766E-4
84,CATNODE,4,1.0005002501250619E-4,1.0005002501250619E-4,1.0005002501250619E-4,1.0005002501250619E-4,1.0005002501250619E-4,1.0005002501250619E-4,1.0005002501250619E-4,1.0005002501250619E-4,1.0005002501250619E-4,1.0005002501250619E-4,1.0005002501250619E-4,1.0005002501250619E-4,1.0005002501250619E-4,1.0005002501250619E-4,1.0005002501250619E-4,1.0005002501250619E-4,1.0005002501250619E-4,1.0005002501250619E-4,1.0005002501250619E-4,1.0005002501250619E-4,1.0005002501250619E-4,1.0005002501250619E-4,1.0005002501250619E-4,1.0005002501250619E-4,1.0005002501250619E-4,1.0005002501250619E-4,1.0005002501250619E-4,1.0005002501250619E-4,1.0005002501250619E-4,1.0005002501250619E-4,1.0005002501250619E-4,1.0005002501250619E-4,1.0005002501250619E-4,1.0005002501250619E-4,1.0005002501250619E-4,1.0005002501250619E-4,0.9957978989494743,1.0005002501250619E-4,1.0005002501250619E-4,1.0005002501250619E-4,1.0005002501250619E-4,1.0005002501250619E-4,1.0005002501250619E-4
129,PRD
85,CATNODE,4,9.459842966606753E-5,9.459842966606753E-5,9.459842966606753E-5,9.459842966606753E-5,9.459842966606753E-5,9.459842966606753E-5,9.459842966606753E-5,9.459842966606753E-5,9.459842966606753E-5,9.459842966606753E-5,9.459842966606753E-5,9.459842966606753E-5,9.459842966606753E-5,9.459842966606753E-5,9.459842966606753E-5,9.459842966606753E-5,9.459842966606753E-5,9.459842966606753E-5,9.459842966606753E-5,9.459842966606753E-5,9.459842966606753E-5,9.459842966606753E-5,9.459842966606753E-5,9.459842966606753E-5,9.459842966606753E-5,9.459842966606753E-5,9.459842966606753E-5,9.459842966606753E-5,9.459842966606753E-5,9.459842966606753E-5,9.459842966606753E-5,9.459842966606753E-5,9.459842966606753E-5,9.459842966606753E-5,0.9960268659540256,9.459842966606753E-5,9.459842966606753E-5,9.459842966606753E-5,9.459842966606753E-5,9.459842966606753E-5,9.459842966606753E-5,9.459842966606753E-5,9.459842966606753E-5
86,CATNODE,2,9.475080538184573E-5,9.475080538184573E-5,9.475080538184573E-5,0.9976312298654542,9.475080538184573E-5,9.475080538184573E-5,9.475080538184573E-5,9.475080538184573E-5,9.475080538184573E-5,9.475080538184573E-5,9.475080538184573E-5,9.475080538184573E-5,9.475080538184573E-5,9.475080538184573E-5,9.475080538184573E-5,9.475080538184573E-5,9.475080538184573E-5,9.475080538184573E-5,9.475080538184573E-5,9.475080538184573E-5,9.475080538184573E-5,9.475080538184573E-5,9.475080538184573E-5,9.475080538184573E-5,9.475080538184573E-5,9.475080538184573E-5
47,CATNODE,1,0.9999593826157601,1.3539128080151637E-5,1.3539128080151637E-5,1.3539128080151637E-5
48,CATNODE,0,0.999972921377219,1.3539311390622668E-5,1.3539311390622668E-5
172,PRD
3,CATNODE,3,5.0952817690818345E-5,5.0952817690818345E-5,5.0952817690818345E-5,5.0952817690818345E-5,5.0952817690818345E-5,5.0952817690818345E-5,5.0952817690818345E-5,5.0952817690818345E-5,0.9995414246407833,5.0952817690818345E-5
9,CATNODE,2,5.091131249363611E-5,5.091131249363611E-5,5.091131249363611E-5,5.091131249363611E-5,5.091131249363611E-5,5.091131249363611E-5,5.091131249363611E-5,5.091131249363611E-5,5.091131249363611E-5,5.091131249363611E-5,5.091131249363611E-5,5.091131249363611E-5,5.091131249363611E-5,5.091131249363611E-5,5.091131249363611E-5,5.091131249363611E-5,5.091131249363611E-5,5.091131249363611E-5,5.091131249363611E-5,5.091131249363611E-5,5.091131249363611E-5,5.091131249363611E-5,0.9987272171876596,5.091131249363611E-5,5.091131249363611E-5,5.091131249363611E-5
49,CATNODE,4,5.08672872475711E-5,5.08672872475711E-5,5.08672872475711E-5,5.08672872475711E-5,5.08672872475711E-5,5.08672872475711E-5,5.08672872475711E-5,5.08672872475711E-5,5.08672872475711E-5,5.08672872475711E-5,5.08672872475711E-5,5.08672872475711E-5,5.08672872475711E-5,5.08672872475711E-5,0.9978635739356022,5.08672872475711E-5,5.08672872475711E-5,5.08672872475711E-5,5.08672872475711E-5,5.08672872475711E-5,5.08672872475711E-5,5.08672872475711E-5,5.08672872475711E-5,5.08672872475711E-5,5.08672872475711E-5,5.08672872475711E-5,5.08672872475711E-5,5.08672872475711E-5,5.08672872475711E-5,5.08672872475711E-5,5.08672872475711E-5,5.08672872475711E-5,5.08672872475711E-5,5.08672872475711E-5,5.08672872475711E-5,5.08672872475711E-5,5.08672872475711E-5,5.08672872475711E-5,5.08672872475711E-5,5.08672872475711E-5,5.08672872475711E-5,5.08672872475711E-5,5.08672872475711E-5
87,CATNODE,0,5.097099750242116E-5,0.9998980580049958,5.097099750242116E-5
88,CATNODE,1,5.096839959225281E-5,5.096839959225281E-5,0.9998470948012234,5.096839959225281E-5
171,PRD
167,SUM
144,PRD
50,CATNODE,2,0.9971467701438025,1.1412919424788867E-4,1.1412919424788867E-4,1.1412919424788867E-4,1.1412919424788867E-4,1.1412919424788867E-4,1.1412919424788867E-4,1.1412919424788867E-4,1.1412919424788867E-4,1.1412919424788867E-4,1.1412919424788867E-4,1.1412919424788867E-4,1.1412919424788867E-4,1.1412919424788867E-4,1.1412919424788867E-4,1.1412919424788867E-4,1.1412919424788867E-4,1.1412919424788867E-4,1.1412919424788867E-4,1.1412919424788867E-4,1.1412919424788867E-4,1.1412919424788867E-4,1.1412919424788867E-4,1.1412919424788867E-4,1.1412919424788867E-4,1.1412919424788867E-4
51,CATNODE,4,1.139081899988609E-4,1.139081899988609E-4,1.139081899988609E-4,1.139081899988609E-4,1.139081899988609E-4,1.139081899988609E-4,1.139081899988609E-4,1.139081899988609E-4,1.139081899988609E-4,1.139081899988609E-4,1.139081899988609E-4,1.139081899988609E-4,1.139081899988609E-4,1.139081899988609E-4,1.139081899988609E-4,1.139081899988609E-4,1.139081899988609E-4,1.139081899988609E-4,1.139081899988609E-4,1.139081899988609E-4,1.139081899988609E-4,0.9952158560200478,1.139081899988609E-4,1.139081899988609E-4,1.139081899988609E-4,1.139081899988609E-4,1.139081899988609E-4,1.139081899988609E-4,1.139081899988609E-4,1.139081899988609E-4,1.139081899988609E-4,1.139081899988609E-4,1.139081899988609E-4,1.139081899988609E-4,1.139081899988609E-4,1.139081899988609E-4,1.139081899988609E-4,1.139081899988609E-4,1.139081899988609E-4,1.139081899988609E-4,1.139081899988609E-4,1.139081899988609E-4,1.139081899988609E-4
143,PRD
52,CATNODE,2,7.55172934602024E-5,7.55172934602024E-5,7.55172934602024E-5,7.55172934602024E-5,7.55172934602024E-5,7.55172934602024E-5,7.55172934602024E-5,7.55172934602024E-5,7.55172934602024E-5,7.55172934602024E-5,7.55172934602024E-5,0.9981120676634949,7.55172934602024E-5,7.55172934602024E-5,7.55172934602024E-5,7.55172934602024E-5,7.55172934602024E-5,7.55172934602024E-5,7.55172934602024E-5,7.55172934602024E-5,7.55172934602024E-5,7.55172934602024E-5,7.55172934602024E-5,7.55172934602024E-5,7.55172934602024E-5,7.55172934602024E-5
53,CATNODE,4,7.542046911531785E-5,7.542046911531785E-5,7.542046911531785E-5,7.542046911531785E-5,7.542046911531785E-5,7.542046911531785E-5,7.542046911531785E-5,7.542046911531785E-5,7.542046911531785E-5,7.542046911531785E-5,7.542046911531785E-5,7.542046911531785E-5,7.542046911531785E-5,7.542046911531785E-5,7.542046911531785E-5,7.542046911531785E-5,7.542046911531785E-5,7.542046911531785E-5,7.542046911531785E-5,7.542046911531785E-5,7.542046911531785E-5,7.542046911531785E-5,7.542046911531785E-5,0.9968323402971567,7.542046911531785E-5,7.542046911531785E-5,7.542046911531785E-5,7.542046911531785E-5,7.542046911531785E-5,7.542046911531785E-5,7.542046911531785E-5,7.542046911531785E-5,7.542046911531785E-5,7.542046911531785E-5,7.542046911531785E-5,7.542046911531785E-5,7.542046911531785E-5,7.542046911531785E-5,7.542046911531785E-5,7.542046911531785E-5,7.542046911531785E-5,7.542046911531785E-5,7.542046911531785E-5
142,PRD
54,CATNODE,4,1.5368065160596282E-4,1.5368065160596282E-4,1.5368065160596282E-4,1.5368065160596282E-4,1.5368065160596282E-4,1.5368065160596282E-4,1.5368065160596282E-4,1.5368065160596282E-4,1.5368065160596282E-4,1.5368065160596282E-4,1.5368065160596282E-4,1.5368065160596282E-4,1.5368065160596282E-4,1.5368065160596282E-4,1.5368065160596282E-4,1.5368065160596282E-4,1.5368065160596282E-4,1.5368065160596282E-4,1.5368065160596282E-4,1.5368065160596282E-4,1.5368065160596282E-4,1.5368065160596282E-4,1.5368065160596282E-4,1.5368065160596282E-4,1.5368065160596282E-4,1.5368065160596282E-4,1.5368065160596282E-4,0.9935454126325489,1.5368065160596282E-4,1.5368065160596282E-4,1.5368065160596282E-4,1.5368065160596282E-4,1.5368065160596282E-4,1.5368065160596282E-4,1.5368065160596282E-4,1.5368065160596282E-4,1.5368065160596282E-4,1.5368065160596282E-4,1.5368065160596282E-4,1.5368065160596282E-4,1.5368065160596282E-4,1.5368065160596282E-4,1.5368065160596282E-4
55,CATNODE,2,1.5408320493066245E-4,1.5408320493066245E-4,1.5408320493066245E-4,1.5408320493066245E-4,1.5408320493066245E-4,1.5408320493066245E-4,1.5408320493066245E-4,1.5408320493066245E-4,1.5408320493066245E-4,1.5408320493066245E-4,1.5408320493066245E-4,1.5408320493066245E-4,1.5408320493066245E-4,1.5408320493066245E-4,1.5408320493066245E-4,1.5408320493066245E-4,1.5408320493066245E-4,0.9961479198767329,1.5408320493066245E-4,1.5408320493066245E-4,1.5408320493066245E-4,1.5408320493066245E-4,1.5408320493066245E-4,1.5408320493066245E-4,1.5408320493066245E-4,1.5408320493066245E-4
141,PRD
56,CATNODE,2,1.8294914013904144E-4,1.8294914013904144E-4,1.8294914013904144E-4,0.995426271496524,1.8294914013904144E-4,1.8294914013904144E-4,1.8294914013904144E-4,1.8294914013904144E-4,1.8294914013904144E-4,1.8294914013904144E-4,1.8294914013904144E-4,1.8294914013904144E-4,1.8294914013904144E-4,1.8294914013904144E-4,1.8294914013904144E-4,1.8294914013904144E-4,1.8294914013904144E-4,1.8294914013904144E-4,1.8294914013904144E-4,1.8294914013904144E-4,1.8294914013904144E-4,1.8294914013904144E-4,1.8294914013904144E-4,1.8294914013904144E-4,1.8294914013904144E-4,1.8294914013904144E-4
57,CATNODE,4,1.8238190771475472E-4,1.8238190771475472E-4,1.8238190771475472E-4,1.8238190771475472E-4,1.8238190771475472E-4,1.8238190771475472E-4,1.8238190771475472E-4,1.8238190771475472E-4,1.8238190771475472E-4,1.8238190771475472E-4,1.8238190771475472E-4,1.8238190771475472E-4,1.8238190771475472E-4,1.8238190771475472E-4,1.8238190771475472E-4,1.8238190771475472E-4,1.8238190771475472E-4,1.8238190771475472E-4,1.8238190771475472E-4,0.9923399598759799,1.8238190771475472E-4,1.8238190771475472E-4,1.8238190771475472E-4,1.8238190771475472E-4,1.8238190771475472E-4,1.8238190771475472E-4,1.8238190771475472E-4,1.8238190771475472E-4,1.8238190771475472E-4,1.8238190771475472E-4,1.8238190771475472E-4,1.8238190771475472E-4,1.8238190771475472E-4,1.8238190771475472E-4,1.8238190771475472E-4,1.8238190771475472E-4,1.8238190771475472E-4,1.8238190771475472E-4,1.8238190771475472E-4,1.8238190771475472E-4,1.8238190771475472E-4,1.8238190771475472E-4,1.8238190771475472E-4
10,CATNODE,1,2.95333727111636E-5,2.95333727111636E-5,2.95333727111636E-5,0.9999113998818667
58,CATNODE,0,2.9534244957027656E-5,0.9999409315100859,2.9534244957027656E-5
59,CATNODE,3,2.9528140317722772E-5,2.9528140317722772E-5,2.9528140317722772E-5,2.9528140317722772E-5,2.9528140317722772E-5,2.9528140317722772E-5,2.9528140317722772E-5,2.9528140317722772E-5,2.9528140317722772E-5,0.9997342467371405
170,PRD
166,SUM
140,PRD
60,CATNODE,4,9.263547938860582E-5,9.263547938860582E-5,9.263547938860582E-5,9.263547938860582E-5,9.263547938860582E-5,9.263547938860582E-5,0.9961093098656788,9.263547938860582E-5,9.263547938860582E-5,9.263547938860582E-5,9.263547938860582E-5,9.263547938860582E-5,9.263547938860582E-5,9.263547938860582E-5,9.263547938860582E-5,9.263547938860582E-5,9.263547938860582E-5,9.263547938860582E-5,9.263547938860582E-5,9.263547938860582E-5,9.263547938860582E-5,9.263547938860582E-5,9.263547938860582E-5,9.263547938860582E-5,9.263547938860582E-5,9.263547938860582E-5,9.263547938860582E-5,9.263547938860582E-5,9.263547938860582E-5,9.263547938860582E-5,9.263547938860582E-5,9.263547938860582E-5,9.263547938860582E-5,9.263547938860582E-5,9.263547938860582E-5,9.263547938860582E-5,9.263547938860582E-5,9.263547938860582E-5,9.263547938860582E-5,9.263547938860582E-5,9.263547938860582E-5,9.263547938860582E-5,9.263547938860582E-5
89,CATNODE,2,9.278159213212091E-5,9.278159213212091E-5,9.278159213212091E-5,9.278159213212091E-5,9.278159213212091E-5,9.278159213212091E-5,9.278159213212091E-5,9.278159213212091E-5,9.278159213212091E-5,9.278159213212091E-5,9.278159213212091E-5,9.278159213212091E-5,9.278159213212091E-5,9.278159213212091E-5,9.278159213212091E-5,9.278159213212091E-5,9.278159213212091E-5,9.278159213212091E-5,9.278159213212091E-5,9.278159213212091E-5,9.278159213212091E-5,9.278159213212091E-5,0.9976804601966965,9.278159213212091E-5,9.278159213212091E-5,9.278159213212091E-5
90,CATNODE,3,9.291953168556032E-5,9.291953168556032E-5,9.291953168556032E-5,9.291953168556032E-5,9.291953168556032E-5,9.291953168556032E-5,9.291953168556032E-5,0.9991637242148296,9.291953168556032E-5,9.291953168556032E-5
139,PRD
61,CATNODE,3,1.6420361247947464E-4,1.6420361247947464E-4,1.6420361247947464E-4,1.6420361247947464E-4,1.6420361247947464E-4,1.6420361247947464E-4,1.6420361247947464E-4,1.6420361247947464E-4,1.6420361247947464E-4,0.9985221674876845
91,CATNODE,4,1.6331863465621422E-4,1.6331863465621422E-4,1.6331863465621422E-4,1.6331863465621422E-4,1.6331863465621422E-4,1.6331863465621422E-4,1.6331863465621422E-4,1.6331863465621422E-4,1.6331863465621422E-4,1.6331863465621422E-4,1.6331863465621422E-4,1.6331863465621422E-4,1.6331863465621422E-4,1.6331863465621422E-4,1.6331863465621422E-4,1.6331863465621422E-4,1.6331863465621422E-4,1.6331863465621422E-4,1.6331863465621422E-4,1.6331863465621422E-4,1.6331863465621422E-4,1.6331863465621422E-4,1.6331863465621422E-4,1.6331863465621422E-4,1.6331863465621422E-4,1.6331863465621422E-4,1.6331863465621422E-4,1.6331863465621422E-4,1.6331863465621422E-4,1.6331863465621422E-4,1.6331863465621422E-4,1.6331863465621422E-4,1.6331863465621422E-4,1.6331863465621422E-4,1.6331863465621422E-4,1.6331863465621422E-4,1.6331863465621422E-4,1.6331863465621422E-4,1.6331863465621422E-4,1.6331863465621422E-4,1.6331863465621422E-4,0.9931406173444387,1.6331863465621422E-4
92,CATNODE,2,1.6377333770062225E-4,1.6377333770062225E-4,1.6377333770062225E-4,1.6377333770062225E-4,1.6377333770062225E-4,1.6377333770062225E-4,1.6377333770062225E-4,1.6377333770062225E-4,1.6377333770062225E-4,1.6377333770062225E-4,1.6377333770062225E-4,1.6377333770062225E-4,1.6377333770062225E-4,0.995905666557484,1.6377333770062225E-4,1.6377333770062225E-4,1.6377333770062225E-4,1.6377333770062225E-4,1.6377333770062225E-4,1.6377333770062225E-4,1.6377333770062225E-4,1.6377333770062225E-4,1.6377333770062225E-4,1.6377333770062225E-4,1.6377333770062225E-4,1.6377333770062225E-4
11,CATNODE,0,5.940005940005939E-5,5.940005940005939E-5,0.9998811998812004
12,CATNODE,1,0.9998218104062724,5.93965312425754E-5,5.93965312425754E-5,5.93965312425754E-5
##EDGES##
178,177,0.32550132304651386
178,176,0.21331335479963018
178,175,0.2517295246596742
178,174,0.06583351930372684
178,173,0.07358051455351165
178,172,0.019542831638346032
178,171,0.03372971594350751
178,170,0.016769216055089745
177,0
177,4
177,138
177,13
138,128,0.11400587659157689
138,127,0.016552399608227228
138,126,0.10754162585700294
138,125,0.14632713026444663
138,124,0.15318315377081293
138,123,0.17659157688540647
138,122,0.1761998041136141
138,121,0.10959843290891283
128,93
128,94
127,95
127,96
126,97
126,98
125,99
125,100
124,101
124,102
123,103
123,104
122,105
122,106
121,107
121,108
176,169
176,5
176,6
169,165,0.04274398445673293
169,164,0.23703482289642805
169,163,0.24585263787176806
169,162,0.13346286055895978
169,161,0.17501120908683307
169,160,0.037961440741294275
169,159,0.12793304438798386
165,14
165,62
165,63
164,15
164,64
164,65
163,16
163,66
163,67
162,17
162,68
162,69
161,18
161,70
161,71
160,19
160,72
160,73
159,137
159,20
137,120,0.39602803738317754
137,119,0.6039719626168224
120,109
120,110
119,111
119,112
175,168
175,7
175,45
175,46
168,158,0.07864741641337386
168,157,0.2196048632218845
168,156,0.027228976697061803
168,155,0.027228976697061803
168,154,0.12310030395136778
168,153,0.13513171225937184
168,152,0.03736068895643364
168,151,0.03634751773049645
168,150,0.15362208713272543
168,149,0.06218338399189463
168,148,0.055091185410334344
168,147,0.044452887537993924
158,21
158,22
157,23
157,24
156,25
156,26
155,27
155,28
154,29
154,30
153,31
153,32
152,33
152,34
151,35
151,36
150,37
150,38
149,39
149,40
148,41
148,42
147,43
147,44
174,1
174,8
174,146
146,136,0.8188861985472154
146,135,0.0910411622276029
146,134,0.09007263922518159
136,74
136,113
136,114
135,75
135,115
135,116
134,76
134,117
134,118
173,2
173,145
173,47
173,48
145,133,0.23960138648180243
145,132,0.4103119584055459
145,131,0.07279029462738301
145,130,0.13474870017331023
145,129,0.1425476603119584
133,77
133,78
132,79
132,80
131,81
131,82
130,83
130,84
129,85
129,86
172,3
172,9
172,49
172,87
172,88
171,167
171,10
171,58
171,59
167,144,0.2580340264650284
167,143,0.390359168241966
167,142,0.19092627599243855
167,141,0.16068052930056712
144,50
144,51
143,52
143,53
142,54
142,55
141,56
141,57
170,166
170,11
170,12
166,140,0.6387832699619772
166,139,0.3612167300380228
140,60
140,89
140,90
139,61
139,91
139,92
