##NODES##
0,SUM
1,CATNODEPRD,0,0
2,CATNODEPRD,0,1
3,CATNODEPRD,0,2
4,CATNODEPRD,1,0
5,CATNODEPRD,1,1
6,CATNODEPRD,1,2
7,CATNODEPRD,1,3
8,CATNODEPRD,2,0
9,CATNODEPRD,2,1
10,CATNODEPRD,2,2
11,CATNODEPRD,2,3
12,CATNODEPRD,2,4
13,CATNODEPRD,2,5
14,CATNODEPRD,2,6
15,CATNODEPRD,2,7
16,CATNODEPRD,2,8
17,CATNODEPRD,2,9
18,CATNODEPRD,2,10
19,CATNODEPRD,2,11
20,CATNODEPRD,2,12
21,CATNODEPRD,2,13
22,CATNODEPRD,2,14
23,CATNODEPRD,2,15
24,CATNODEPRD,2,16
25,CATNODEPRD,2,17
26,CATNODEPRD,2,18
27,CATNODEPRD,2,19
28,CATNODEPRD,2,20
29,CATNODEPRD,2,21
30,CATNODEPRD,2,22
31,CATNODEPRD,2,23
32,CATNODEPRD,2,24
33,CATNODEPRD,2,25
34,CATNODEPRD,3,0
35,CATNODEPRD,3,1
36,CATNODEPRD,3,2
37,CATNODEPRD,3,3
38,CATNODEPRD,3,4
39,CATNODEPRD,3,5
40,CATNODEPRD,3,6
41,CATNODEPRD,3,7
42,CATNODEPRD,3,8
43,CATNODEPRD,3,9
44,CATNODEPRD,4,0
45,CATNODEPRD,4,1
46,CATNODEPRD,4,2
47,CATNODEPRD,4,3
48,CATNODEPRD,4,4
49,CATNODEPRD,4,5
50,CATNODEPRD,4,6
51,CATNODEPRD,4,7
52,CATNODEPRD,4,8
53,CATNODEPRD,4,9
54,CATNODEPRD,4,10
55,CATNODEPRD,4,11
56,CATNODEPRD,4,12
57,CATNODEPRD,4,13
58,CATNODEPRD,4,14
59,CATNODEPRD,4,15
60,CATNODEPRD,4,16
61,CATNODEPRD,4,17
62,CATNODEPRD,4,18
63,CATNODEPRD,4,19
64,CATNODEPRD,4,20
65,CATNODEPRD,4,21
66,CATNODEPRD,4,22
67,CATNODEPRD,4,23
68,CATNODEPRD,4,24
69,CATNODEPRD,4,25
70,CATNODEPRD,4,26
71,CATNODEPRD,4,27
72,CATNODEPRD,4,28
73,CATNODEPRD,4,29
74,CATNODEPRD,4,30
75,CATNODEPRD,4,31
76,CATNODEPRD,4,32
77,CATNODEPRD,4,33
78,CATNODEPRD,4,34
79,CATNODEPRD,4,35
80,CATNODEPRD,4,36
81,CATNODEPRD,4,37
82,CATNODEPRD,4,38
83,CATNODEPRD,4,39
84,CATNODEPRD,4,40
85,CATNODEPRD,4,41
86,CATNODEPRD,4,42
87,PRD
88,PRD
89,PRD
90,PRD
91,PRD
92,PRD
93,PRD
94,PRD
95,PRD
96,PRD
97,PRD
98,PRD
99,PRD
100,PRD
101,PRD
102,PRD
103,PRD
104,PRD
105,PRD
106,PRD
107,PRD
108,PRD
109,PRD
110,PRD
111,PRD
112,PRD
113,PRD
114,PRD
115,PRD
116,PRD
117,PRD
118,PRD
119,PRD
120,PRD
121,PRD
122,PRD
123,PRD
124,PRD
125,PRD
126,PRD
127,PRD
128,PRD
129,PRD
##EDGES##
0,87,0.00538782797207256
87,2
87,4
87,30
87,36
87,44
0,88,0.05748079191506998
88,2
88,4
88,30
88,37
88,45
0,89,0.05735326935951796
89,2
89,4
89,30
89,38
89,46
0,90,0.03567443491567571
90,2
90,4
90,30
90,39
90,47
0,91,0.04986131922083718
91,2
91,4
91,30
91,40
91,48
0,92,0.04762967449867695
92,2
92,4
92,30
92,41
92,49
0,93,0.010711894666369114
93,3
93,4
93,30
93,41
93,50
0,94,0.03710906366563586
94,2
94,4
94,30
94,34
94,51
0,95,0.03500494149902764
95,2
95,4
95,30
95,35
95,52
0,96,0.037332228137851885
96,2
96,4
96,21
96,43
96,53
0,97,0.050562693276373256
97,2
97,4
97,20
97,43
97,54
0,98,0.034016641693499536
98,2
98,7
98,14
98,43
98,55
0,99,0.05391016035961361
99,3
99,5
99,33
99,43
99,56
0,100,0.05528102783179775
100,2
100,7
100,33
100,43
100,57
0,101,0.019542831638346032
101,2
101,6
101,30
101,42
101,58
0,102,0.016482290305097715
102,2
102,4
102,33
102,43
102,59
0,103,0.010807536583033125
103,2
103,4
103,32
103,43
103,60
0,104,0.02846941052698696
104,2
104,4
104,29
104,43
104,61
0,105,0.03098798099913922
105,2
105,7
105,23
105,43
105,62
0,106,0.005419708610960564
106,2
106,7
106,11
106,43
106,63
0,107,0.009149743360856952
107,2
107,7
107,12
107,43
107,64
0,108,0.008703414416424905
108,2
108,7
108,8
108,43
108,65
0,109,0.009404788471960978
109,2
109,7
109,18
109,43
109,66
0,110,0.01316670386074537
110,2
110,7
110,19
110,43
110,67
0,111,0.006854337360920713
111,2
111,7
111,27
111,43
111,68
0,112,0.03867121497114802
112,2
112,7
112,28
112,43
112,69
0,113,0.01565339369400963
113,2
113,7
113,31
113,43
113,70
0,114,0.00643988905537667
114,2
114,7
114,25
114,43
114,71
0,115,0.013868077916281443
115,2
115,7
115,26
115,43
115,72
0,116,0.006854337360920713
116,2
116,7
116,17
116,43
116,73
0,117,0.011190104249689165
117,2
117,7
117,24
117,43
117,74
0,118,0.01979787674945006
118,2
118,7
118,22
118,43
118,75
0,119,0.005929798833168617
119,3
119,4
119,33
119,43
119,76
0,120,0.017629993305065834
120,1
120,4
120,12
120,43
120,77
0,121,0.010488730194153091
121,1
121,4
121,11
121,43
121,78
0,122,0.03019096502693914
122,1
122,4
122,14
122,43
122,79
0,123,0.009914878694169032
123,1
123,4
123,16
123,43
123,80
0,124,0.005355947333184557
124,1
124,4
124,15
124,43
124,81
0,125,0.052443650970765456
125,1
125,4
125,10
125,43
125,82
0,126,0.008097682277552842
126,1
126,4
126,9
126,43
126,83
0,127,0.009117862721968949
127,1
127,4
127,13
127,43
127,84
0,128,0.0060573213887206295
128,3
128,4
128,21
128,43
128,85
0,129,0.0059935601109446235
129,3
129,4
129,20
129,43
129,86
