##NODES##
210,SUM
209,PRD
204,SUM
202,PRD
9,CATNODE,6,8.994666162965365E-6,8.994666162965365E-6,8.994666162965365E-6,8.994666162965365E-6,8.994666162965365E-6,8.994666162965365E-6,8.994666162965365E-6,8.994666162965365E-6,0.9999280426706963
183,SUM
173,PRD
68,CATNODE,1,0.9999605950152698,1.9702492365284227E-5,1.9702492365284227E-5
95,CATNODE,4,1.9697447210841484E-5,1.9697447210841484E-5,1.9697447210841484E-5,0.9997045382918373,1.9697447210841484E-5,1.9697447210841484E-5,1.9697447210841484E-5,1.9697447210841484E-5,1.9697447210841484E-5,1.9697447210841484E-5,1.9697447210841484E-5,1.9697447210841484E-5,1.9697447210841484E-5,1.9697447210841484E-5,1.9697447210841484E-5,1.9697447210841484E-5
96,CATNODE,7,1.968697706467172E-5,1.968697706467172E-5,1.968697706467172E-5,1.968697706467172E-5,1.968697706467172E-5,1.968697706467172E-5,1.968697706467172E-5,1.968697706467172E-5,1.968697706467172E-5,1.968697706467172E-5,0.9991731469632833,1.968697706467172E-5,1.968697706467172E-5,1.968697706467172E-5,1.968697706467172E-5,1.968697706467172E-5,1.968697706467172E-5,1.968697706467172E-5,1.968697706467172E-5,1.968697706467172E-5,1.968697706467172E-5,1.968697706467172E-5,1.968697706467172E-5,1.968697706467172E-5,1.968697706467172E-5,1.968697706467172E-5,1.968697706467172E-5,1.968697706467172E-5,1.968697706467172E-5,1.968697706467172E-5,1.968697706467172E-5,1.968697706467172E-5,1.968697706467172E-5,1.968697706467172E-5,1.968697706467172E-5,1.968697706467172E-5,1.968697706467172E-5,1.968697706467172E-5,1.968697706467172E-5,1.968697706467172E-5,1.968697706467172E-5,1.968697706467172E-5,1.968697706467172E-5
172,PRD
69,CATNODE,7,2.6656004264960665E-5,2.6656004264960665E-5,2.6656004264960665E-5,2.6656004264960665E-5,2.6656004264960665E-5,2.6656004264960665E-5,2.6656004264960665E-5,2.6656004264960665E-5,2.6656004264960665E-5,0.9988804478208714,2.6656004264960665E-5,2.6656004264960665E-5,2.6656004264960665E-5,2.6656004264960665E-5,2.6656004264960665E-5,2.6656004264960665E-5,2.6656004264960665E-5,2.6656004264960665E-5,2.6656004264960665E-5,2.6656004264960665E-5,2.6656004264960665E-5,2.6656004264960665E-5,2.6656004264960665E-5,2.6656004264960665E-5,2.6656004264960665E-5,2.6656004264960665E-5,2.6656004264960665E-5,2.6656004264960665E-5,2.6656004264960665E-5,2.6656004264960665E-5,2.6656004264960665E-5,2.6656004264960665E-5,2.6656004264960665E-5,2.6656004264960665E-5,2.6656004264960665E-5,2.6656004264960665E-5,2.6656004264960665E-5,2.6656004264960665E-5,2.6656004264960665E-5,2.6656004264960665E-5,2.6656004264960665E-5,2.6656004264960665E-5,2.6656004264960665E-5
97,CATNODE,1,0.9999466310873918,2.6684456304202818E-5,2.6684456304202818E-5
98,CATNODE,4,2.6675202731540737E-5,2.6675202731540737E-5,2.6675202731540737E-5,2.6675202731540737E-5,0.9995998719590264,2.6675202731540737E-5,2.6675202731540737E-5,2.6675202731540737E-5,2.6675202731540737E-5,2.6675202731540737E-5,2.6675202731540737E-5,2.6675202731540737E-5,2.6675202731540737E-5,2.6675202731540737E-5,2.6675202731540737E-5,2.6675202731540737E-5
171,PRD
70,CATNODE,1,8.265145879824776E-5,0.9998346970824038,8.265145879824776E-5
164,SUM
161,PRD
113,CATNODE,4,1.6404199475065622E-4,1.6404199475065622E-4,1.6404199475065622E-4,1.6404199475065622E-4,0.9975393700787397,1.6404199475065622E-4,1.6404199475065622E-4,1.6404199475065622E-4,1.6404199475065622E-4,1.6404199475065622E-4,1.6404199475065622E-4,1.6404199475065622E-4,1.6404199475065622E-4,1.6404199475065622E-4,1.6404199475065622E-4,1.6404199475065622E-4
114,CATNODE,7,1.6331863465621422E-4,1.6331863465621422E-4,1.6331863465621422E-4,1.6331863465621422E-4,1.6331863465621422E-4,1.6331863465621422E-4,1.6331863465621422E-4,1.6331863465621422E-4,1.6331863465621422E-4,1.6331863465621422E-4,1.6331863465621422E-4,1.6331863465621422E-4,1.6331863465621422E-4,1.6331863465621422E-4,1.6331863465621422E-4,1.6331863465621422E-4,1.6331863465621422E-4,1.6331863465621422E-4,1.6331863465621422E-4,1.6331863465621422E-4,1.6331863465621422E-4,1.6331863465621422E-4,1.6331863465621422E-4,1.6331863465621422E-4,1.6331863465621422E-4,1.6331863465621422E-4,1.6331863465621422E-4,1.6331863465621422E-4,1.6331863465621422E-4,1.6331863465621422E-4,1.6331863465621422E-4,1.6331863465621422E-4,1.6331863465621422E-4,1.6331863465621422E-4,1.6331863465621422E-4,1.6331863465621422E-4,1.6331863465621422E-4,1.6331863465621422E-4,1.6331863465621422E-4,1.6331863465621422E-4,1.6331863465621422E-4,0.9931406173444387,1.6331863465621422E-4
160,PRD
115,CATNODE,7,1.650437365901964E-4,1.650437365901964E-4,1.650437365901964E-4,1.650437365901964E-4,1.650437365901964E-4,1.650437365901964E-4,1.650437365901964E-4,1.650437365901964E-4,1.650437365901964E-4,1.650437365901964E-4,1.650437365901964E-4,1.650437365901964E-4,1.650437365901964E-4,1.650437365901964E-4,1.650437365901964E-4,1.650437365901964E-4,1.650437365901964E-4,1.650437365901964E-4,1.650437365901964E-4,1.650437365901964E-4,1.650437365901964E-4,1.650437365901964E-4,1.650437365901964E-4,1.650437365901964E-4,1.650437365901964E-4,1.650437365901964E-4,1.650437365901964E-4,1.650437365901964E-4,1.650437365901964E-4,1.650437365901964E-4,1.650437365901964E-4,1.650437365901964E-4,1.650437365901964E-4,1.650437365901964E-4,1.650437365901964E-4,1.650437365901964E-4,1.650437365901964E-4,1.650437365901964E-4,1.650437365901964E-4,1.650437365901964E-4,1.650437365901964E-4,1.650437365901964E-4,0.9930681630632117
116,CATNODE,4,1.6578249336870018E-4,1.6578249336870018E-4,1.6578249336870018E-4,0.997513262599469,1.6578249336870018E-4,1.6578249336870018E-4,1.6578249336870018E-4,1.6578249336870018E-4,1.6578249336870018E-4,1.6578249336870018E-4,1.6578249336870018E-4,1.6578249336870018E-4,1.6578249336870018E-4,1.6578249336870018E-4,1.6578249336870018E-4,1.6578249336870018E-4
170,PRD
71,CATNODE,4,9.204712812960231E-5,9.204712812960231E-5,9.204712812960231E-5,9.204712812960231E-5,9.204712812960231E-5,9.204712812960231E-5,9.204712812960231E-5,9.204712812960231E-5,9.204712812960231E-5,9.204712812960231E-5,9.204712812960231E-5,9.204712812960231E-5,9.204712812960231E-5,9.204712812960231E-5,0.9986192930780555,9.204712812960231E-5
99,CATNODE,7,9.181893306399787E-5,9.181893306399787E-5,9.181893306399787E-5,9.181893306399787E-5,9.181893306399787E-5,9.181893306399787E-5,9.181893306399787E-5,9.181893306399787E-5,9.181893306399787E-5,9.181893306399787E-5,9.181893306399787E-5,9.181893306399787E-5,9.181893306399787E-5,9.181893306399787E-5,9.181893306399787E-5,9.181893306399787E-5,0.996143604811312,9.181893306399787E-5,9.181893306399787E-5,9.181893306399787E-5,9.181893306399787E-5,9.181893306399787E-5,9.181893306399787E-5,9.181893306399787E-5,9.181893306399787E-5,9.181893306399787E-5,9.181893306399787E-5,9.181893306399787E-5,9.181893306399787E-5,9.181893306399787E-5,9.181893306399787E-5,9.181893306399787E-5,9.181893306399787E-5,9.181893306399787E-5,9.181893306399787E-5,9.181893306399787E-5,9.181893306399787E-5,9.181893306399787E-5,9.181893306399787E-5,9.181893306399787E-5,9.181893306399787E-5,9.181893306399787E-5,9.181893306399787E-5
100,CATNODE,1,0.9998156851903047,9.215740484747947E-5,9.215740484747947E-5
41,CATNODE,5,8.995070701255701E-6,0.9999730147878947,8.995070701255701E-6,8.995070701255701E-6
42,CATNODE,2,0.9999730147878947,8.995070701255701E-6,8.995070701255701E-6,8.995070701255701E-6
201,PRD
188,SUM
182,PRD
43,CATNODE,7,2.6816121852457688E-5,2.6816121852457688E-5,2.6816121852457688E-5,2.6816121852457688E-5,2.6816121852457688E-5,2.6816121852457688E-5,2.6816121852457688E-5,0.9988737228821964,2.6816121852457688E-5,2.6816121852457688E-5,2.6816121852457688E-5,2.6816121852457688E-5,2.6816121852457688E-5,2.6816121852457688E-5,2.6816121852457688E-5,2.6816121852457688E-5,2.6816121852457688E-5,2.6816121852457688E-5,2.6816121852457688E-5,2.6816121852457688E-5,2.6816121852457688E-5,2.6816121852457688E-5,2.6816121852457688E-5,2.6816121852457688E-5,2.6816121852457688E-5,2.6816121852457688E-5,2.6816121852457688E-5,2.6816121852457688E-5,2.6816121852457688E-5,2.6816121852457688E-5,2.6816121852457688E-5,2.6816121852457688E-5,2.6816121852457688E-5,2.6816121852457688E-5,2.6816121852457688E-5,2.6816121852457688E-5,2.6816121852457688E-5,2.6816121852457688E-5,2.6816121852457688E-5,2.6816121852457688E-5,2.6816121852457688E-5,2.6816121852457688E-5,2.6816121852457688E-5
44,CATNODE,6,0.9997852752502885,2.6840593713932947E-5,2.6840593713932947E-5,2.6840593713932947E-5,2.6840593713932947E-5,2.6840593713932947E-5,2.6840593713932947E-5,2.6840593713932947E-5,2.6840593713932947E-5
181,PRD
45,CATNODE,7,1.7357796254187555E-5,1.7357796254187555E-5,0.9992709725573236,1.7357796254187555E-5,1.7357796254187555E-5,1.7357796254187555E-5,1.7357796254187555E-5,1.7357796254187555E-5,1.7357796254187555E-5,1.7357796254187555E-5,1.7357796254187555E-5,1.7357796254187555E-5,1.7357796254187555E-5,1.7357796254187555E-5,1.7357796254187555E-5,1.7357796254187555E-5,1.7357796254187555E-5,1.7357796254187555E-5,1.7357796254187555E-5,1.7357796254187555E-5,1.7357796254187555E-5,1.7357796254187555E-5,1.7357796254187555E-5,1.7357796254187555E-5,1.7357796254187555E-5,1.7357796254187555E-5,1.7357796254187555E-5,1.7357796254187555E-5,1.7357796254187555E-5,1.7357796254187555E-5,1.7357796254187555E-5,1.7357796254187555E-5,1.7357796254187555E-5,1.7357796254187555E-5,1.7357796254187555E-5,1.7357796254187555E-5,1.7357796254187555E-5,1.7357796254187555E-5,1.7357796254187555E-5,1.7357796254187555E-5,1.7357796254187555E-5,1.7357796254187555E-5,1.7357796254187555E-5
46,CATNODE,6,1.7368046268475275E-5,1.7368046268475275E-5,1.7368046268475275E-5,1.7368046268475275E-5,0.9998610556298524,1.7368046268475275E-5,1.7368046268475275E-5,1.7368046268475275E-5,1.7368046268475275E-5
180,PRD
47,CATNODE,7,1.996366612764767E-5,1.996366612764767E-5,1.996366612764767E-5,1.996366612764767E-5,0.9991615260226387,1.996366612764767E-5,1.996366612764767E-5,1.996366612764767E-5,1.996366612764767E-5,1.996366612764767E-5,1.996366612764767E-5,1.996366612764767E-5,1.996366612764767E-5,1.996366612764767E-5,1.996366612764767E-5,1.996366612764767E-5,1.996366612764767E-5,1.996366612764767E-5,1.996366612764767E-5,1.996366612764767E-5,1.996366612764767E-5,1.996366612764767E-5,1.996366612764767E-5,1.996366612764767E-5,1.996366612764767E-5,1.996366612764767E-5,1.996366612764767E-5,1.996366612764767E-5,1.996366612764767E-5,1.996366612764767E-5,1.996366612764767E-5,1.996366612764767E-5,1.996366612764767E-5,1.996366612764767E-5,1.996366612764767E-5,1.996366612764767E-5,1.996366612764767E-5,1.996366612764767E-5,1.996366612764767E-5,1.996366612764767E-5,1.996366612764767E-5,1.996366612764767E-5,1.996366612764767E-5
48,CATNODE,6,1.997722596240285E-5,1.997722596240285E-5,1.997722596240285E-5,1.997722596240285E-5,1.997722596240285E-5,1.997722596240285E-5,0.999840182192301,1.997722596240285E-5,1.997722596240285E-5
179,PRD
49,CATNODE,7,1.7319316233395103E-5,0.9992725887181977,1.7319316233395103E-5,1.7319316233395103E-5,1.7319316233395103E-5,1.7319316233395103E-5,1.7319316233395103E-5,1.7319316233395103E-5,1.7319316233395103E-5,1.7319316233395103E-5,1.7319316233395103E-5,1.7319316233395103E-5,1.7319316233395103E-5,1.7319316233395103E-5,1.7319316233395103E-5,1.7319316233395103E-5,1.7319316233395103E-5,1.7319316233395103E-5,1.7319316233395103E-5,1.7319316233395103E-5,1.7319316233395103E-5,1.7319316233395103E-5,1.7319316233395103E-5,1.7319316233395103E-5,1.7319316233395103E-5,1.7319316233395103E-5,1.7319316233395103E-5,1.7319316233395103E-5,1.7319316233395103E-5,1.7319316233395103E-5,1.7319316233395103E-5,1.7319316233395103E-5,1.7319316233395103E-5,1.7319316233395103E-5,1.7319316233395103E-5,1.7319316233395103E-5,1.7319316233395103E-5,1.7319316233395103E-5,1.7319316233395103E-5,1.7319316233395103E-5,1.7319316233395103E-5,1.7319316233395103E-5,1.7319316233395103E-5
50,CATNODE,6,1.7329520838748808E-5,1.7329520838748808E-5,1.7329520838748808E-5,0.9998613638332896,1.7329520838748808E-5,1.7329520838748808E-5,1.7329520838748808E-5,1.7329520838748808E-5,1.7329520838748808E-5
178,PRD
51,CATNODE,7,2.7893224735711708E-5,2.7893224735711708E-5,2.7893224735711708E-5,0.9988284845611001,2.7893224735711708E-5,2.7893224735711708E-5,2.7893224735711708E-5,2.7893224735711708E-5,2.7893224735711708E-5,2.7893224735711708E-5,2.7893224735711708E-5,2.7893224735711708E-5,2.7893224735711708E-5,2.7893224735711708E-5,2.7893224735711708E-5,2.7893224735711708E-5,2.7893224735711708E-5,2.7893224735711708E-5,2.7893224735711708E-5,2.7893224735711708E-5,2.7893224735711708E-5,2.7893224735711708E-5,2.7893224735711708E-5,2.7893224735711708E-5,2.7893224735711708E-5,2.7893224735711708E-5,2.7893224735711708E-5,2.7893224735711708E-5,2.7893224735711708E-5,2.7893224735711708E-5,2.7893224735711708E-5,2.7893224735711708E-5,2.7893224735711708E-5,2.7893224735711708E-5,2.7893224735711708E-5,2.7893224735711708E-5,2.7893224735711708E-5,2.7893224735711708E-5,2.7893224735711708E-5,2.7893224735711708E-5,2.7893224735711708E-5,2.7893224735711708E-5,2.7893224735711708E-5
52,CATNODE,6,2.791970293436078E-5,2.791970293436078E-5,2.791970293436078E-5,2.791970293436078E-5,2.791970293436078E-5,0.9997766423765246,2.791970293436078E-5,2.791970293436078E-5,2.791970293436078E-5
177,PRD
53,CATNODE,6,2.845354958031017E-5,0.9997723716033579,2.845354958031017E-5,2.845354958031017E-5,2.845354958031017E-5,2.845354958031017E-5,2.845354958031017E-5,2.845354958031017E-5,2.845354958031017E-5
54,CATNODE,7,2.8426049631882634E-5,2.8426049631882634E-5,2.8426049631882634E-5,2.8426049631882634E-5,2.8426049631882634E-5,2.8426049631882634E-5,2.8426049631882634E-5,2.8426049631882634E-5,0.9988061059154604,2.8426049631882634E-5,2.8426049631882634E-5,2.8426049631882634E-5,2.8426049631882634E-5,2.8426049631882634E-5,2.8426049631882634E-5,2.8426049631882634E-5,2.8426049631882634E-5,2.8426049631882634E-5,2.8426049631882634E-5,2.8426049631882634E-5,2.8426049631882634E-5,2.8426049631882634E-5,2.8426049631882634E-5,2.8426049631882634E-5,2.8426049631882634E-5,2.8426049631882634E-5,2.8426049631882634E-5,2.8426049631882634E-5,2.8426049631882634E-5,2.8426049631882634E-5,2.8426049631882634E-5,2.8426049631882634E-5,2.8426049631882634E-5,2.8426049631882634E-5,2.8426049631882634E-5,2.8426049631882634E-5,2.8426049631882634E-5,2.8426049631882634E-5,2.8426049631882634E-5,2.8426049631882634E-5,2.8426049631882634E-5,2.8426049631882634E-5,2.8426049631882634E-5
176,PRD
55,CATNODE,6,2.0913064391325254E-5,2.0913064391325254E-5,2.0913064391325254E-5,2.0913064391325254E-5,2.0913064391325254E-5,2.0913064391325254E-5,2.0913064391325254E-5,0.99983269548487,2.0913064391325254E-5
56,CATNODE,7,2.0898204844203885E-5,2.0898204844203885E-5,2.0898204844203885E-5,2.0898204844203885E-5,2.0898204844203885E-5,0.9991222753965435,2.0898204844203885E-5,2.0898204844203885E-5,2.0898204844203885E-5,2.0898204844203885E-5,2.0898204844203885E-5,2.0898204844203885E-5,2.0898204844203885E-5,2.0898204844203885E-5,2.0898204844203885E-5,2.0898204844203885E-5,2.0898204844203885E-5,2.0898204844203885E-5,2.0898204844203885E-5,2.0898204844203885E-5,2.0898204844203885E-5,2.0898204844203885E-5,2.0898204844203885E-5,2.0898204844203885E-5,2.0898204844203885E-5,2.0898204844203885E-5,2.0898204844203885E-5,2.0898204844203885E-5,2.0898204844203885E-5,2.0898204844203885E-5,2.0898204844203885E-5,2.0898204844203885E-5,2.0898204844203885E-5,2.0898204844203885E-5,2.0898204844203885E-5,2.0898204844203885E-5,2.0898204844203885E-5,2.0898204844203885E-5,2.0898204844203885E-5,2.0898204844203885E-5,2.0898204844203885E-5,2.0898204844203885E-5,2.0898204844203885E-5
32,CATNODE,4,3.112084847881289E-6,3.112084847881289E-6,3.112084847881289E-6,3.112084847881289E-6,3.112084847881289E-6,3.112084847881289E-6,3.112084847881289E-6,3.112084847881289E-6,3.112084847881289E-6,3.112084847881289E-6,3.112084847881289E-6,3.112084847881289E-6,3.112084847881289E-6,3.112084847881289E-6,3.112084847881289E-6,0.9999533187272803
57,CATNODE,5,3.112201073086927E-6,3.112201073086927E-6,0.9999906633967796,3.112201073086927E-6
72,CATNODE,1,0.999993775578482,3.112210758912594E-6,3.112210758912594E-6
73,CATNODE,2,0.9999906633967796,3.112201073086927E-6,3.112201073086927E-6,3.112201073086927E-6
200,PRD
10,CATNODE,5,1.3881947914931412E-5,1.3881947914931412E-5,1.3881947914931412E-5,0.999958354156255
175,SUM
169,PRD
74,CATNODE,2,1.8020615584228354E-5,1.8020615584228354E-5,1.8020615584228354E-5,0.9999459381532476
75,CATNODE,7,1.8007959518107003E-5,1.8007959518107003E-5,1.8007959518107003E-5,1.8007959518107003E-5,1.8007959518107003E-5,1.8007959518107003E-5,1.8007959518107003E-5,1.8007959518107003E-5,1.8007959518107003E-5,1.8007959518107003E-5,1.8007959518107003E-5,1.8007959518107003E-5,1.8007959518107003E-5,0.99924366570024,1.8007959518107003E-5,1.8007959518107003E-5,1.8007959518107003E-5,1.8007959518107003E-5,1.8007959518107003E-5,1.8007959518107003E-5,1.8007959518107003E-5,1.8007959518107003E-5,1.8007959518107003E-5,1.8007959518107003E-5,1.8007959518107003E-5,1.8007959518107003E-5,1.8007959518107003E-5,1.8007959518107003E-5,1.8007959518107003E-5,1.8007959518107003E-5,1.8007959518107003E-5,1.8007959518107003E-5,1.8007959518107003E-5,1.8007959518107003E-5,1.8007959518107003E-5,1.8007959518107003E-5,1.8007959518107003E-5,1.8007959518107003E-5,1.8007959518107003E-5,1.8007959518107003E-5,1.8007959518107003E-5,1.8007959518107003E-5,1.8007959518107003E-5
168,PRD
76,CATNODE,7,6.02881774883945E-5,6.02881774883945E-5,6.02881774883945E-5,6.02881774883945E-5,6.02881774883945E-5,6.02881774883945E-5,6.02881774883945E-5,6.02881774883945E-5,6.02881774883945E-5,6.02881774883945E-5,6.02881774883945E-5,6.02881774883945E-5,6.02881774883945E-5,6.02881774883945E-5,6.02881774883945E-5,0.9974678965454878,6.02881774883945E-5,6.02881774883945E-5,6.02881774883945E-5,6.02881774883945E-5,6.02881774883945E-5,6.02881774883945E-5,6.02881774883945E-5,6.02881774883945E-5,6.02881774883945E-5,6.02881774883945E-5,6.02881774883945E-5,6.02881774883945E-5,6.02881774883945E-5,6.02881774883945E-5,6.02881774883945E-5,6.02881774883945E-5,6.02881774883945E-5,6.02881774883945E-5,6.02881774883945E-5,6.02881774883945E-5,6.02881774883945E-5,6.02881774883945E-5,6.02881774883945E-5,6.02881774883945E-5,6.02881774883945E-5,6.02881774883945E-5,6.02881774883945E-5
77,CATNODE,2,0.9998187092095724,6.0430263475948716E-5,6.0430263475948716E-5,6.0430263475948716E-5
58,CATNODE,1,0.9999722357187482,1.388214062608455E-5,1.388214062608455E-5
78,CATNODE,6,1.3880984439416455E-5,1.3880984439416455E-5,1.3880984439416455E-5,1.3880984439416455E-5,1.3880984439416455E-5,1.3880984439416455E-5,1.3880984439416455E-5,1.3880984439416455E-5,0.9998889521244853
79,CATNODE,4,1.3879635798356645E-5,1.3879635798356645E-5,1.3879635798356645E-5,1.3879635798356645E-5,1.3879635798356645E-5,1.3879635798356645E-5,1.3879635798356645E-5,1.3879635798356645E-5,1.3879635798356645E-5,1.3879635798356645E-5,1.3879635798356645E-5,1.3879635798356645E-5,1.3879635798356645E-5,1.3879635798356645E-5,1.3879635798356645E-5,0.9997918054630248
199,PRD
11,CATNODE,6,9.292816652727445E-5,9.292816652727445E-5,9.292816652727445E-5,9.292816652727445E-5,9.292816652727445E-5,9.292816652727445E-5,9.292816652727445E-5,0.9992565746677816,9.292816652727445E-5
33,CATNODE,7,9.263547938860582E-5,9.263547938860582E-5,9.263547938860582E-5,9.263547938860582E-5,9.263547938860582E-5,9.263547938860582E-5,0.9961093098656788,9.263547938860582E-5,9.263547938860582E-5,9.263547938860582E-5,9.263547938860582E-5,9.263547938860582E-5,9.263547938860582E-5,9.263547938860582E-5,9.263547938860582E-5,9.263547938860582E-5,9.263547938860582E-5,9.263547938860582E-5,9.263547938860582E-5,9.263547938860582E-5,9.263547938860582E-5,9.263547938860582E-5,9.263547938860582E-5,9.263547938860582E-5,9.263547938860582E-5,9.263547938860582E-5,9.263547938860582E-5,9.263547938860582E-5,9.263547938860582E-5,9.263547938860582E-5,9.263547938860582E-5,9.263547938860582E-5,9.263547938860582E-5,9.263547938860582E-5,9.263547938860582E-5,9.263547938860582E-5,9.263547938860582E-5,9.263547938860582E-5,9.263547938860582E-5,9.263547938860582E-5,9.263547938860582E-5,9.263547938860582E-5,9.263547938860582E-5
59,CATNODE,2,0.9997210859055407,9.297136481963548E-5,9.297136481963548E-5,9.297136481963548E-5
80,CATNODE,5,9.297136481963548E-5,9.297136481963548E-5,0.9997210859055407,9.297136481963548E-5
101,CATNODE,1,9.298000929800091E-5,0.9998140399814042,9.298000929800091E-5
102,CATNODE,4,9.286775631500748E-5,9.286775631500748E-5,9.286775631500748E-5,9.286775631500748E-5,9.286775631500748E-5,9.286775631500748E-5,9.286775631500748E-5,9.286775631500748E-5,9.286775631500748E-5,9.286775631500748E-5,9.286775631500748E-5,9.286775631500748E-5,9.286775631500748E-5,9.286775631500748E-5,9.286775631500748E-5,0.9986069836552749
198,PRD
12,CATNODE,4,1.8436578171091445E-4,1.8436578171091445E-4,1.8436578171091445E-4,1.8436578171091445E-4,1.8436578171091445E-4,1.8436578171091445E-4,1.8436578171091445E-4,1.8436578171091445E-4,1.8436578171091445E-4,1.8436578171091445E-4,1.8436578171091445E-4,1.8436578171091445E-4,1.8436578171091445E-4,1.8436578171091445E-4,1.8436578171091445E-4,0.9972345132743369
34,CATNODE,2,0.9994456762749444,1.8477457501847732E-4,1.8477457501847732E-4,1.8477457501847732E-4
60,CATNODE,7,0.9922949917446343,1.8345257750871394E-4,1.8345257750871394E-4,1.8345257750871394E-4,1.8345257750871394E-4,1.8345257750871394E-4,1.8345257750871394E-4,1.8345257750871394E-4,1.8345257750871394E-4,1.8345257750871394E-4,1.8345257750871394E-4,1.8345257750871394E-4,1.8345257750871394E-4,1.8345257750871394E-4,1.8345257750871394E-4,1.8345257750871394E-4,1.8345257750871394E-4,1.8345257750871394E-4,1.8345257750871394E-4,1.8345257750871394E-4,1.8345257750871394E-4,1.8345257750871394E-4,1.8345257750871394E-4,1.8345257750871394E-4,1.8345257750871394E-4,1.8345257750871394E-4,1.8345257750871394E-4,1.8345257750871394E-4,1.8345257750871394E-4,1.8345257750871394E-4,1.8345257750871394E-4,1.8345257750871394E-4,1.8345257750871394E-4,1.8345257750871394E-4,1.8345257750871394E-4,1.8345257750871394E-4,1.8345257750871394E-4,1.8345257750871394E-4,1.8345257750871394E-4,1.8345257750871394E-4,1.8345257750871394E-4,1.8345257750871394E-4,1.8345257750871394E-4
81,CATNODE,5,1.8477457501847732E-4,1.8477457501847732E-4,0.9994456762749444,1.8477457501847732E-4
103,CATNODE,1,0.9996303825540566,1.8480872297172433E-4,1.8480872297172433E-4
104,CATNODE,6,1.846040243677313E-4,1.846040243677313E-4,0.9985231678050583,1.846040243677313E-4,1.846040243677313E-4,1.846040243677313E-4,1.846040243677313E-4,1.846040243677313E-4,1.846040243677313E-4
3,CATNODE,0,1.9205838574926755E-6,1.9205838574926755E-6,0.9999961588322838
4,CATNODE,3,1.92055803734333E-6,1.92055803734333E-6,1.92055803734333E-6,1.92055803734333E-6,1.92055803734333E-6,1.92055803734333E-6,1.92055803734333E-6,1.92055803734333E-6,1.92055803734333E-6,0.9999827149776636
208,PRD
203,SUM
197,PRD
13,CATNODE,3,1.2288031457360527E-4,0.9988940771688379,1.2288031457360527E-4,1.2288031457360527E-4,1.2288031457360527E-4,1.2288031457360527E-4,1.2288031457360527E-4,1.2288031457360527E-4,1.2288031457360527E-4,1.2288031457360527E-4
14,CATNODE,7,1.223840411210379E-4,1.223840411210379E-4,1.223840411210379E-4,1.223840411210379E-4,1.223840411210379E-4,1.223840411210379E-4,1.223840411210379E-4,1.223840411210379E-4,1.223840411210379E-4,1.223840411210379E-4,1.223840411210379E-4,1.223840411210379E-4,1.223840411210379E-4,1.223840411210379E-4,1.223840411210379E-4,1.223840411210379E-4,1.223840411210379E-4,1.223840411210379E-4,1.223840411210379E-4,1.223840411210379E-4,1.223840411210379E-4,1.223840411210379E-4,1.223840411210379E-4,1.223840411210379E-4,1.223840411210379E-4,1.223840411210379E-4,1.223840411210379E-4,1.223840411210379E-4,1.223840411210379E-4,1.223840411210379E-4,1.223840411210379E-4,1.223840411210379E-4,1.223840411210379E-4,1.223840411210379E-4,1.223840411210379E-4,1.223840411210379E-4,1.223840411210379E-4,1.223840411210379E-4,1.223840411210379E-4,0.9948598702729168,1.223840411210379E-4,1.223840411210379E-4,1.223840411210379E-4
196,PRD
15,CATNODE,7,1.8981455118349383E-5,1.8981455118349383E-5,1.8981455118349383E-5,1.8981455118349383E-5,1.8981455118349383E-5,1.8981455118349383E-5,1.8981455118349383E-5,1.8981455118349383E-5,1.8981455118349383E-5,1.8981455118349383E-5,1.8981455118349383E-5,1.8981455118349383E-5,1.8981455118349383E-5,1.8981455118349383E-5,1.8981455118349383E-5,1.8981455118349383E-5,1.8981455118349383E-5,1.8981455118349383E-5,1.8981455118349383E-5,1.8981455118349383E-5,1.8981455118349383E-5,1.8981455118349383E-5,1.8981455118349383E-5,1.8981455118349383E-5,1.8981455118349383E-5,1.8981455118349383E-5,1.8981455118349383E-5,1.8981455118349383E-5,1.8981455118349383E-5,1.8981455118349383E-5,1.8981455118349383E-5,1.8981455118349383E-5,1.8981455118349383E-5,1.8981455118349383E-5,1.8981455118349383E-5,1.8981455118349383E-5,1.8981455118349383E-5,1.8981455118349383E-5,0.9992027788850291,1.8981455118349383E-5,1.8981455118349383E-5,1.8981455118349383E-5,1.8981455118349383E-5
16,CATNODE,3,1.899335232668567E-5,1.899335232668567E-5,0.9998290598290597,1.899335232668567E-5,1.899335232668567E-5,1.899335232668567E-5,1.899335232668567E-5,1.899335232668567E-5,1.899335232668567E-5,1.899335232668567E-5
195,PRD
17,CATNODE,3,5.647803004631197E-5,5.647803004631197E-5,5.647803004631197E-5,5.647803004631197E-5,0.9994916977295835,5.647803004631197E-5,5.647803004631197E-5,5.647803004631197E-5,5.647803004631197E-5,5.647803004631197E-5
18,CATNODE,7,5.637296352669257E-5,5.637296352669257E-5,5.637296352669257E-5,5.637296352669257E-5,5.637296352669257E-5,5.637296352669257E-5,5.637296352669257E-5,5.637296352669257E-5,5.637296352669257E-5,5.637296352669257E-5,5.637296352669257E-5,5.637296352669257E-5,5.637296352669257E-5,5.637296352669257E-5,5.637296352669257E-5,5.637296352669257E-5,5.637296352669257E-5,5.637296352669257E-5,5.637296352669257E-5,5.637296352669257E-5,5.637296352669257E-5,5.637296352669257E-5,5.637296352669257E-5,5.637296352669257E-5,5.637296352669257E-5,5.637296352669257E-5,5.637296352669257E-5,5.637296352669257E-5,5.637296352669257E-5,5.637296352669257E-5,5.637296352669257E-5,5.637296352669257E-5,5.637296352669257E-5,0.9976323355318789,5.637296352669257E-5,5.637296352669257E-5,5.637296352669257E-5,5.637296352669257E-5,5.637296352669257E-5,5.637296352669257E-5,5.637296352669257E-5,5.637296352669257E-5,5.637296352669257E-5
194,PRD
19,CATNODE,3,3.298805832288711E-5,3.298805832288711E-5,3.298805832288711E-5,3.298805832288711E-5,3.298805832288711E-5,3.298805832288711E-5,0.9997031074750946,3.298805832288711E-5,3.298805832288711E-5,3.298805832288711E-5
20,CATNODE,7,3.295218637756613E-5,3.295218637756613E-5,3.295218637756613E-5,3.295218637756613E-5,3.295218637756613E-5,3.295218637756613E-5,3.295218637756613E-5,3.295218637756613E-5,3.295218637756613E-5,3.295218637756613E-5,3.295218637756613E-5,3.295218637756613E-5,3.295218637756613E-5,3.295218637756613E-5,3.295218637756613E-5,3.295218637756613E-5,3.295218637756613E-5,3.295218637756613E-5,3.295218637756613E-5,3.295218637756613E-5,3.295218637756613E-5,3.295218637756613E-5,3.295218637756613E-5,3.295218637756613E-5,3.295218637756613E-5,3.295218637756613E-5,3.295218637756613E-5,3.295218637756613E-5,3.295218637756613E-5,3.295218637756613E-5,3.295218637756613E-5,3.295218637756613E-5,3.295218637756613E-5,3.295218637756613E-5,3.295218637756613E-5,0.9986160081721421,3.295218637756613E-5,3.295218637756613E-5,3.295218637756613E-5,3.295218637756613E-5,3.295218637756613E-5,3.295218637756613E-5,3.295218637756613E-5
193,PRD
21,CATNODE,3,1.0914647456887137E-4,1.0914647456887137E-4,1.0914647456887137E-4,1.0914647456887137E-4,1.0914647456887137E-4,0.9990176817288803,1.0914647456887137E-4,1.0914647456887137E-4,1.0914647456887137E-4,1.0914647456887137E-4
22,CATNODE,7,1.0875475802066343E-4,1.0875475802066343E-4,1.0875475802066343E-4,1.0875475802066343E-4,1.0875475802066343E-4,1.0875475802066343E-4,1.0875475802066343E-4,1.0875475802066343E-4,1.0875475802066343E-4,1.0875475802066343E-4,1.0875475802066343E-4,1.0875475802066343E-4,1.0875475802066343E-4,1.0875475802066343E-4,1.0875475802066343E-4,1.0875475802066343E-4,1.0875475802066343E-4,1.0875475802066343E-4,1.0875475802066343E-4,1.0875475802066343E-4,1.0875475802066343E-4,1.0875475802066343E-4,1.0875475802066343E-4,1.0875475802066343E-4,1.0875475802066343E-4,1.0875475802066343E-4,1.0875475802066343E-4,1.0875475802066343E-4,1.0875475802066343E-4,1.0875475802066343E-4,1.0875475802066343E-4,1.0875475802066343E-4,1.0875475802066343E-4,1.0875475802066343E-4,1.0875475802066343E-4,1.0875475802066343E-4,1.0875475802066343E-4,1.0875475802066343E-4,1.0875475802066343E-4,1.0875475802066343E-4,0.9954323001631321,1.0875475802066343E-4,1.0875475802066343E-4
192,PRD
23,CATNODE,3,1.8566654288897127E-4,1.8566654288897127E-4,1.8566654288897127E-4,1.8566654288897127E-4,1.8566654288897127E-4,1.8566654288897127E-4,1.8566654288897127E-4,0.9983290011139992,1.8566654288897127E-4,1.8566654288897127E-4
24,CATNODE,7,1.8453589223103896E-4,1.8453589223103896E-4,1.8453589223103896E-4,1.8453589223103896E-4,1.8453589223103896E-4,1.8453589223103896E-4,1.8453589223103896E-4,1.8453589223103896E-4,1.8453589223103896E-4,1.8453589223103896E-4,1.8453589223103896E-4,1.8453589223103896E-4,1.8453589223103896E-4,1.8453589223103896E-4,1.8453589223103896E-4,1.8453589223103896E-4,1.8453589223103896E-4,1.8453589223103896E-4,1.8453589223103896E-4,1.8453589223103896E-4,1.8453589223103896E-4,1.8453589223103896E-4,1.8453589223103896E-4,1.8453589223103896E-4,1.8453589223103896E-4,1.8453589223103896E-4,1.8453589223103896E-4,1.8453589223103896E-4,1.8453589223103896E-4,1.8453589223103896E-4,1.8453589223103896E-4,1.8453589223103896E-4,1.8453589223103896E-4,1.8453589223103896E-4,1.8453589223103896E-4,1.8453589223103896E-4,1.8453589223103896E-4,0.9922494925262964,1.8453589223103896E-4,1.8453589223103896E-4,1.8453589223103896E-4,1.8453589223103896E-4,1.8453589223103896E-4
191,PRD
25,CATNODE,3,9.489466691971912E-5,9.489466691971912E-5,9.489466691971912E-5,0.9991459479977223,9.489466691971912E-5,9.489466691971912E-5,9.489466691971912E-5,9.489466691971912E-5,9.489466691971912E-5,9.489466691971912E-5
26,CATNODE,7,9.459842966606753E-5,9.459842966606753E-5,9.459842966606753E-5,9.459842966606753E-5,9.459842966606753E-5,9.459842966606753E-5,9.459842966606753E-5,9.459842966606753E-5,9.459842966606753E-5,9.459842966606753E-5,9.459842966606753E-5,9.459842966606753E-5,9.459842966606753E-5,9.459842966606753E-5,9.459842966606753E-5,9.459842966606753E-5,9.459842966606753E-5,9.459842966606753E-5,9.459842966606753E-5,9.459842966606753E-5,9.459842966606753E-5,9.459842966606753E-5,9.459842966606753E-5,9.459842966606753E-5,9.459842966606753E-5,9.459842966606753E-5,9.459842966606753E-5,9.459842966606753E-5,9.459842966606753E-5,9.459842966606753E-5,9.459842966606753E-5,9.459842966606753E-5,9.459842966606753E-5,9.459842966606753E-5,0.9960268659540256,9.459842966606753E-5,9.459842966606753E-5,9.459842966606753E-5,9.459842966606753E-5,9.459842966606753E-5,9.459842966606753E-5,9.459842966606753E-5,9.459842966606753E-5
190,PRD
27,CATNODE,3,1.0038144950813084E-4,1.0038144950813084E-4,1.0038144950813084E-4,1.0038144950813084E-4,1.0038144950813084E-4,1.0038144950813084E-4,1.0038144950813084E-4,1.0038144950813084E-4,0.9990965669544266,1.0038144950813084E-4
28,CATNODE,7,1.0005002501250619E-4,1.0005002501250619E-4,1.0005002501250619E-4,1.0005002501250619E-4,1.0005002501250619E-4,1.0005002501250619E-4,1.0005002501250619E-4,1.0005002501250619E-4,1.0005002501250619E-4,1.0005002501250619E-4,1.0005002501250619E-4,1.0005002501250619E-4,1.0005002501250619E-4,1.0005002501250619E-4,1.0005002501250619E-4,1.0005002501250619E-4,1.0005002501250619E-4,1.0005002501250619E-4,1.0005002501250619E-4,1.0005002501250619E-4,1.0005002501250619E-4,1.0005002501250619E-4,1.0005002501250619E-4,1.0005002501250619E-4,1.0005002501250619E-4,1.0005002501250619E-4,1.0005002501250619E-4,1.0005002501250619E-4,1.0005002501250619E-4,1.0005002501250619E-4,1.0005002501250619E-4,1.0005002501250619E-4,1.0005002501250619E-4,1.0005002501250619E-4,1.0005002501250619E-4,1.0005002501250619E-4,0.9957978989494743,1.0005002501250619E-4,1.0005002501250619E-4,1.0005002501250619E-4,1.0005002501250619E-4,1.0005002501250619E-4,1.0005002501250619E-4
5,CATNODE,1,6.955118619548056E-6,6.955118619548056E-6,0.9999860897627614
29,CATNODE,2,0.9999791347892618,6.955070246209487E-6,6.955070246209487E-6,6.955070246209487E-6
35,CATNODE,5,0.9999791347892618,6.955070246209487E-6,6.955070246209487E-6,6.955070246209487E-6
61,CATNODE,4,6.954489818626907E-6,6.954489818626907E-6,6.954489818626907E-6,6.954489818626907E-6,6.954489818626907E-6,6.954489818626907E-6,6.954489818626907E-6,6.954489818626907E-6,6.954489818626907E-6,6.954489818626907E-6,6.954489818626907E-6,6.954489818626907E-6,6.954489818626907E-6,6.954489818626907E-6,6.954489818626907E-6,0.9998956826527212
82,CATNODE,6,6.9548283896094845E-6,6.9548283896094845E-6,6.9548283896094845E-6,6.9548283896094845E-6,6.9548283896094845E-6,6.9548283896094845E-6,6.9548283896094845E-6,6.9548283896094845E-6,0.9999443613728833
83,CATNODE,0,0.9999860897627614,6.955118619548056E-6,6.955118619548056E-6
207,PRD
0,CATNODE,4,6.841817186644766E-6,6.841817186644766E-6,6.841817186644766E-6,6.841817186644766E-6,6.841817186644766E-6,6.841817186644766E-6,6.841817186644766E-6,6.841817186644766E-6,6.841817186644766E-6,6.841817186644766E-6,6.841817186644766E-6,6.841817186644766E-6,6.841817186644766E-6,6.841817186644766E-6,6.841817186644766E-6,0.9998973727422004
189,SUM
187,PRD
36,CATNODE,2,0.9999131240588435,2.895864705200973E-5,2.895864705200973E-5,2.895864705200973E-5
62,CATNODE,1,2.8959485679534308E-5,0.9999420810286405,2.8959485679534308E-5
163,SUM
159,PRD
117,CATNODE,7,3.494182186659214E-5,3.494182186659214E-5,3.494182186659214E-5,3.494182186659214E-5,3.494182186659214E-5,3.494182186659214E-5,3.494182186659214E-5,3.494182186659214E-5,3.494182186659214E-5,3.494182186659214E-5,3.494182186659214E-5,3.494182186659214E-5,3.494182186659214E-5,3.494182186659214E-5,3.494182186659214E-5,3.494182186659214E-5,3.494182186659214E-5,0.998532443481603,3.494182186659214E-5,3.494182186659214E-5,3.494182186659214E-5,3.494182186659214E-5,3.494182186659214E-5,3.494182186659214E-5,3.494182186659214E-5,3.494182186659214E-5,3.494182186659214E-5,3.494182186659214E-5,3.494182186659214E-5,3.494182186659214E-5,3.494182186659214E-5,3.494182186659214E-5,3.494182186659214E-5,3.494182186659214E-5,3.494182186659214E-5,3.494182186659214E-5,3.494182186659214E-5,3.494182186659214E-5,3.494182186659214E-5,3.494182186659214E-5,3.494182186659214E-5,3.494182186659214E-5,3.494182186659214E-5
118,CATNODE,0,3.499072745722382E-5,0.9999300185450855,3.499072745722382E-5
158,PRD
119,CATNODE,7,1.668056713928275E-4,1.668056713928275E-4,1.668056713928275E-4,1.668056713928275E-4,1.668056713928275E-4,1.668056713928275E-4,1.668056713928275E-4,1.668056713928275E-4,1.668056713928275E-4,1.668056713928275E-4,1.668056713928275E-4,1.668056713928275E-4,1.668056713928275E-4,1.668056713928275E-4,1.668056713928275E-4,1.668056713928275E-4,1.668056713928275E-4,1.668056713928275E-4,1.668056713928275E-4,1.668056713928275E-4,1.668056713928275E-4,1.668056713928275E-4,1.668056713928275E-4,1.668056713928275E-4,1.668056713928275E-4,1.668056713928275E-4,1.668056713928275E-4,1.668056713928275E-4,1.668056713928275E-4,1.668056713928275E-4,1.668056713928275E-4,1.668056713928275E-4,0.9929941618015018,1.668056713928275E-4,1.668056713928275E-4,1.668056713928275E-4,1.668056713928275E-4,1.668056713928275E-4,1.668056713928275E-4,1.668056713928275E-4,1.668056713928275E-4,1.668056713928275E-4,1.668056713928275E-4
120,CATNODE,0,1.6792611251049524E-4,1.6792611251049524E-4,0.9996641477749788
105,CATNODE,3,2.89536163066767E-5,2.89536163066767E-5,2.89536163066767E-5,2.89536163066767E-5,2.89536163066767E-5,2.89536163066767E-5,2.89536163066767E-5,2.89536163066767E-5,2.89536163066767E-5,0.99973941745324
106,CATNODE,5,2.895864705200973E-5,2.895864705200973E-5,2.895864705200973E-5,0.9999131240588435
186,PRD
174,SUM
167,PRD
84,CATNODE,7,1.139081899988609E-4,1.139081899988609E-4,1.139081899988609E-4,1.139081899988609E-4,1.139081899988609E-4,1.139081899988609E-4,1.139081899988609E-4,1.139081899988609E-4,1.139081899988609E-4,1.139081899988609E-4,1.139081899988609E-4,1.139081899988609E-4,1.139081899988609E-4,1.139081899988609E-4,1.139081899988609E-4,1.139081899988609E-4,1.139081899988609E-4,1.139081899988609E-4,1.139081899988609E-4,1.139081899988609E-4,1.139081899988609E-4,0.9952158560200478,1.139081899988609E-4,1.139081899988609E-4,1.139081899988609E-4,1.139081899988609E-4,1.139081899988609E-4,1.139081899988609E-4,1.139081899988609E-4,1.139081899988609E-4,1.139081899988609E-4,1.139081899988609E-4,1.139081899988609E-4,1.139081899988609E-4,1.139081899988609E-4,1.139081899988609E-4,1.139081899988609E-4,1.139081899988609E-4,1.139081899988609E-4,1.139081899988609E-4,1.139081899988609E-4,1.139081899988609E-4,1.139081899988609E-4
85,CATNODE,3,0.9989709581522981,1.1433798307797857E-4,1.1433798307797857E-4,1.1433798307797857E-4,1.1433798307797857E-4,1.1433798307797857E-4,1.1433798307797857E-4,1.1433798307797857E-4,1.1433798307797857E-4,1.1433798307797857E-4
166,PRD
86,CATNODE,3,2.9279147391227975E-5,2.9279147391227975E-5,2.9279147391227975E-5,2.9279147391227975E-5,2.9279147391227975E-5,2.9279147391227975E-5,0.9997364876734784,2.9279147391227975E-5,2.9279147391227975E-5,2.9279147391227975E-5
87,CATNODE,7,2.925088483926638E-5,2.925088483926638E-5,2.925088483926638E-5,2.925088483926638E-5,2.925088483926638E-5,2.925088483926638E-5,2.925088483926638E-5,2.925088483926638E-5,2.925088483926638E-5,2.925088483926638E-5,2.925088483926638E-5,0.9987714628367508,2.925088483926638E-5,2.925088483926638E-5,2.925088483926638E-5,2.925088483926638E-5,2.925088483926638E-5,2.925088483926638E-5,2.925088483926638E-5,2.925088483926638E-5,2.925088483926638E-5,2.925088483926638E-5,2.925088483926638E-5,2.925088483926638E-5,2.925088483926638E-5,2.925088483926638E-5,2.925088483926638E-5,2.925088483926638E-5,2.925088483926638E-5,2.925088483926638E-5,2.925088483926638E-5,2.925088483926638E-5,2.925088483926638E-5,2.925088483926638E-5,2.925088483926638E-5,2.925088483926638E-5,2.925088483926638E-5,2.925088483926638E-5,2.925088483926638E-5,2.925088483926638E-5,2.925088483926638E-5,2.925088483926638E-5,2.925088483926638E-5
165,PRD
88,CATNODE,7,1.8238190771475472E-4,1.8238190771475472E-4,1.8238190771475472E-4,1.8238190771475472E-4,1.8238190771475472E-4,1.8238190771475472E-4,1.8238190771475472E-4,1.8238190771475472E-4,1.8238190771475472E-4,1.8238190771475472E-4,1.8238190771475472E-4,1.8238190771475472E-4,1.8238190771475472E-4,1.8238190771475472E-4,1.8238190771475472E-4,1.8238190771475472E-4,1.8238190771475472E-4,1.8238190771475472E-4,1.8238190771475472E-4,0.9923399598759799,1.8238190771475472E-4,1.8238190771475472E-4,1.8238190771475472E-4,1.8238190771475472E-4,1.8238190771475472E-4,1.8238190771475472E-4,1.8238190771475472E-4,1.8238190771475472E-4,1.8238190771475472E-4,1.8238190771475472E-4,1.8238190771475472E-4,1.8238190771475472E-4,1.8238190771475472E-4,1.8238190771475472E-4,1.8238190771475472E-4,1.8238190771475472E-4,1.8238190771475472E-4,1.8238190771475472E-4,1.8238190771475472E-4,1.8238190771475472E-4,1.8238190771475472E-4,1.8238190771475472E-4,1.8238190771475472E-4
89,CATNODE,3,1.8348623853211006E-4,1.8348623853211006E-4,1.8348623853211006E-4,0.9983486238532111,1.8348623853211006E-4,1.8348623853211006E-4,1.8348623853211006E-4,1.8348623853211006E-4,1.8348623853211006E-4,1.8348623853211006E-4
63,CATNODE,1,0.9999586118411528,2.0694079423876827E-5,2.0694079423876827E-5
90,CATNODE,2,2.0693651187815584E-5,2.0693651187815584E-5,2.0693651187815584E-5,0.9999379190464365
107,CATNODE,0,2.0694079423876827E-5,2.0694079423876827E-5,0.9999586118411528
108,CATNODE,5,0.9999379190464365,2.0693651187815584E-5,2.0693651187815584E-5,2.0693651187815584E-5
185,PRD
37,CATNODE,2,1.8478823268534265E-5,0.9999445635301942,1.8478823268534265E-5,1.8478823268534265E-5
64,CATNODE,0,1.8479164741753683E-5,1.8479164741753683E-5,0.9999630416705165
91,CATNODE,3,1.847677469420937E-5,1.847677469420937E-5,1.847677469420937E-5,1.847677469420937E-5,1.847677469420937E-5,1.847677469420937E-5,1.847677469420937E-5,1.847677469420937E-5,1.847677469420937E-5,0.9998337090277519
109,CATNODE,5,1.8478823268534265E-5,1.8478823268534265E-5,1.8478823268534265E-5,0.9999445635301942
121,CATNODE,1,1.8479164741753683E-5,1.8479164741753683E-5,0.9999630416705165
122,CATNODE,7,1.846551564952452E-5,1.846551564952452E-5,1.846551564952452E-5,1.846551564952452E-5,1.846551564952452E-5,1.846551564952452E-5,1.846551564952452E-5,1.846551564952452E-5,1.846551564952452E-5,1.846551564952452E-5,1.846551564952452E-5,1.846551564952452E-5,0.9992244483427197,1.846551564952452E-5,1.846551564952452E-5,1.846551564952452E-5,1.846551564952452E-5,1.846551564952452E-5,1.846551564952452E-5,1.846551564952452E-5,1.846551564952452E-5,1.846551564952452E-5,1.846551564952452E-5,1.846551564952452E-5,1.846551564952452E-5,1.846551564952452E-5,1.846551564952452E-5,1.846551564952452E-5,1.846551564952452E-5,1.846551564952452E-5,1.846551564952452E-5,1.846551564952452E-5,1.846551564952452E-5,1.846551564952452E-5,1.846551564952452E-5,1.846551564952452E-5,1.846551564952452E-5,1.846551564952452E-5,1.846551564952452E-5,1.846551564952452E-5,1.846551564952452E-5,1.846551564952452E-5,1.846551564952452E-5
184,PRD
38,CATNODE,5,0.9996734871571614,1.0883761427949502E-4,1.0883761427949502E-4,1.0883761427949502E-4
65,CATNODE,3,1.0876658690450292E-4,1.0876658690450292E-4,1.0876658690450292E-4,1.0876658690450292E-4,0.99902110071786,1.0876658690450292E-4,1.0876658690450292E-4,1.0876658690450292E-4,1.0876658690450292E-4,1.0876658690450292E-4
92,CATNODE,2,1.0883761427949502E-4,1.0883761427949502E-4,1.0883761427949502E-4,0.9996734871571614
110,CATNODE,0,1.0884946119516702E-4,1.0884946119516702E-4,0.9997823010776097
123,CATNODE,1,0.9997823010776097,1.0884946119516702E-4,1.0884946119516702E-4
124,CATNODE,7,1.0837758751490197E-4,1.0837758751490197E-4,1.0837758751490197E-4,1.0837758751490197E-4,1.0837758751490197E-4,1.0837758751490197E-4,1.0837758751490197E-4,1.0837758751490197E-4,1.0837758751490197E-4,1.0837758751490197E-4,1.0837758751490197E-4,1.0837758751490197E-4,1.0837758751490197E-4,1.0837758751490197E-4,1.0837758751490197E-4,1.0837758751490197E-4,1.0837758751490197E-4,1.0837758751490197E-4,1.0837758751490197E-4,1.0837758751490197E-4,0.9954481413243743,1.0837758751490197E-4,1.0837758751490197E-4,1.0837758751490197E-4,1.0837758751490197E-4,1.0837758751490197E-4,1.0837758751490197E-4,1.0837758751490197E-4,1.0837758751490197E-4,1.0837758751490197E-4,1.0837758751490197E-4,1.0837758751490197E-4,1.0837758751490197E-4,1.0837758751490197E-4,1.0837758751490197E-4,1.0837758751490197E-4,1.0837758751490197E-4,1.0837758751490197E-4,1.0837758751490197E-4,1.0837758751490197E-4,1.0837758751490197E-4,1.0837758751490197E-4,1.0837758751490197E-4
6,CATNODE,6,6.842144875575588E-6,6.842144875575588E-6,6.842144875575588E-6,6.842144875575588E-6,6.842144875575588E-6,6.842144875575588E-6,6.842144875575588E-6,6.842144875575588E-6,0.9999452628409953
206,PRD
1,CATNODE,0,5.097099750242116E-5,0.9998980580049958,5.097099750242116E-5
7,CATNODE,2,5.096839959225281E-5,5.096839959225281E-5,0.9998470948012234,5.096839959225281E-5
30,CATNODE,5,5.096839959225281E-5,0.9998470948012234,5.096839959225281E-5,5.096839959225281E-5
39,CATNODE,4,5.093724531377347E-5,5.093724531377347E-5,5.093724531377347E-5,5.093724531377347E-5,5.093724531377347E-5,5.093724531377347E-5,5.093724531377347E-5,5.093724531377347E-5,5.093724531377347E-5,5.093724531377347E-5,5.093724531377347E-5,5.093724531377347E-5,0.999235941320294,5.093724531377347E-5,5.093724531377347E-5,5.093724531377347E-5
66,CATNODE,6,5.0955414012738896E-5,5.0955414012738896E-5,5.0955414012738896E-5,5.0955414012738896E-5,5.0955414012738896E-5,5.0955414012738896E-5,5.0955414012738896E-5,5.0955414012738896E-5,0.9995923566878988
93,CATNODE,3,5.0952817690818345E-5,5.0952817690818345E-5,5.0952817690818345E-5,5.0952817690818345E-5,5.0952817690818345E-5,5.0952817690818345E-5,5.0952817690818345E-5,5.0952817690818345E-5,5.0952817690818345E-5,0.9995414246407833
111,CATNODE,1,5.097099750242116E-5,5.097099750242116E-5,0.9998980580049958
112,CATNODE,7,5.08672872475711E-5,5.08672872475711E-5,5.08672872475711E-5,5.08672872475711E-5,5.08672872475711E-5,5.08672872475711E-5,5.08672872475711E-5,5.08672872475711E-5,5.08672872475711E-5,5.08672872475711E-5,5.08672872475711E-5,5.08672872475711E-5,5.08672872475711E-5,5.08672872475711E-5,0.9978635739356022,5.08672872475711E-5,5.08672872475711E-5,5.08672872475711E-5,5.08672872475711E-5,5.08672872475711E-5,5.08672872475711E-5,5.08672872475711E-5,5.08672872475711E-5,5.08672872475711E-5,5.08672872475711E-5,5.08672872475711E-5,5.08672872475711E-5,5.08672872475711E-5,5.08672872475711E-5,5.08672872475711E-5,5.08672872475711E-5,5.08672872475711E-5,5.08672872475711E-5,5.08672872475711E-5,5.08672872475711E-5,5.08672872475711E-5,5.08672872475711E-5,5.08672872475711E-5,5.08672872475711E-5,5.08672872475711E-5,5.08672872475711E-5,5.08672872475711E-5,5.08672872475711E-5
205,PRD
2,CATNODE,5,5.762360262763621E-6,0.9999827129192106,5.762360262763621E-6,5.762360262763621E-6
8,CATNODE,6,5.762194243567945E-6,5.762194243567945E-6,5.762194243567945E-6,5.762194243567945E-6,5.762194243567945E-6,5.762194243567945E-6,5.762194243567945E-6,5.762194243567945E-6,0.9999539024460505
31,CATNODE,3,5.762161040876767E-6,5.762161040876767E-6,5.762161040876767E-6,5.762161040876767E-6,5.762161040876767E-6,5.762161040876767E-6,5.762161040876767E-6,5.762161040876767E-6,5.762161040876767E-6,0.9999481405506317
40,CATNODE,1,0.9999884752130637,5.762393467750759E-6,5.762393467750759E-6
67,CATNODE,0,5.762393467750759E-6,5.762393467750759E-6,0.9999884752130637
94,CATNODE,2,5.762360262763621E-6,5.762360262763621E-6,5.762360262763621E-6,0.9999827129192106
162,SUM
157,PRD
125,CATNODE,7,7.542046911531785E-5,7.542046911531785E-5,7.542046911531785E-5,7.542046911531785E-5,7.542046911531785E-5,7.542046911531785E-5,7.542046911531785E-5,7.542046911531785E-5,7.542046911531785E-5,7.542046911531785E-5,7.542046911531785E-5,7.542046911531785E-5,7.542046911531785E-5,7.542046911531785E-5,7.542046911531785E-5,7.542046911531785E-5,7.542046911531785E-5,7.542046911531785E-5,7.542046911531785E-5,7.542046911531785E-5,7.542046911531785E-5,7.542046911531785E-5,7.542046911531785E-5,0.9968323402971567,7.542046911531785E-5,7.542046911531785E-5,7.542046911531785E-5,7.542046911531785E-5,7.542046911531785E-5,7.542046911531785E-5,7.542046911531785E-5,7.542046911531785E-5,7.542046911531785E-5,7.542046911531785E-5,7.542046911531785E-5,7.542046911531785E-5,7.542046911531785E-5,7.542046911531785E-5,7.542046911531785E-5,7.542046911531785E-5,7.542046911531785E-5,7.542046911531785E-5,7.542046911531785E-5
126,CATNODE,4,7.557436517533251E-5,7.557436517533251E-5,0.9988663845223705,7.557436517533251E-5,7.557436517533251E-5,7.557436517533251E-5,7.557436517533251E-5,7.557436517533251E-5,7.557436517533251E-5,7.557436517533251E-5,7.557436517533251E-5,7.557436517533251E-5,7.557436517533251E-5,7.557436517533251E-5,7.557436517533251E-5,7.557436517533251E-5
156,PRD
127,CATNODE,7,2.5734064180756075E-5,2.5734064180756075E-5,2.5734064180756075E-5,2.5734064180756075E-5,2.5734064180756075E-5,2.5734064180756075E-5,2.5734064180756075E-5,2.5734064180756075E-5,2.5734064180756075E-5,2.5734064180756075E-5,2.5734064180756075E-5,2.5734064180756075E-5,2.5734064180756075E-5,2.5734064180756075E-5,2.5734064180756075E-5,2.5734064180756075E-5,2.5734064180756075E-5,2.5734064180756075E-5,2.5734064180756075E-5,2.5734064180756075E-5,2.5734064180756075E-5,2.5734064180756075E-5,2.5734064180756075E-5,2.5734064180756075E-5,2.5734064180756075E-5,0.9989191693044084,2.5734064180756075E-5,2.5734064180756075E-5,2.5734064180756075E-5,2.5734064180756075E-5,2.5734064180756075E-5,2.5734064180756075E-5,2.5734064180756075E-5,2.5734064180756075E-5,2.5734064180756075E-5,2.5734064180756075E-5,2.5734064180756075E-5,2.5734064180756075E-5,2.5734064180756075E-5,2.5734064180756075E-5,2.5734064180756075E-5,2.5734064180756075E-5,2.5734064180756075E-5
128,CATNODE,4,2.575195714874332E-5,2.575195714874332E-5,2.575195714874332E-5,2.575195714874332E-5,2.575195714874332E-5,2.575195714874332E-5,2.575195714874332E-5,2.575195714874332E-5,2.575195714874332E-5,2.575195714874332E-5,2.575195714874332E-5,0.9996137206427693,2.575195714874332E-5,2.575195714874332E-5,2.575195714874332E-5,2.575195714874332E-5
155,PRD
129,CATNODE,7,3.210582078530836E-5,3.210582078530836E-5,3.210582078530836E-5,3.210582078530836E-5,3.210582078530836E-5,3.210582078530836E-5,3.210582078530836E-5,3.210582078530836E-5,3.210582078530836E-5,3.210582078530836E-5,3.210582078530836E-5,3.210582078530836E-5,3.210582078530836E-5,3.210582078530836E-5,3.210582078530836E-5,3.210582078530836E-5,3.210582078530836E-5,3.210582078530836E-5,0.9986515555270169,3.210582078530836E-5,3.210582078530836E-5,3.210582078530836E-5,3.210582078530836E-5,3.210582078530836E-5,3.210582078530836E-5,3.210582078530836E-5,3.210582078530836E-5,3.210582078530836E-5,3.210582078530836E-5,3.210582078530836E-5,3.210582078530836E-5,3.210582078530836E-5,3.210582078530836E-5,3.210582078530836E-5,3.210582078530836E-5,3.210582078530836E-5,3.210582078530836E-5,3.210582078530836E-5,3.210582078530836E-5,3.210582078530836E-5,3.210582078530836E-5,3.210582078530836E-5,3.210582078530836E-5
130,CATNODE,4,3.2133676092544985E-5,3.2133676092544985E-5,3.2133676092544985E-5,3.2133676092544985E-5,3.2133676092544985E-5,3.2133676092544985E-5,0.9995179948586123,3.2133676092544985E-5,3.2133676092544985E-5,3.2133676092544985E-5,3.2133676092544985E-5,3.2133676092544985E-5,3.2133676092544985E-5,3.2133676092544985E-5,3.2133676092544985E-5,3.2133676092544985E-5
154,PRD
131,CATNODE,7,1.4444604940054895E-4,1.4444604940054895E-4,1.4444604940054895E-4,1.4444604940054895E-4,1.4444604940054895E-4,1.4444604940054895E-4,1.4444604940054895E-4,1.4444604940054895E-4,1.4444604940054895E-4,1.4444604940054895E-4,1.4444604940054895E-4,1.4444604940054895E-4,1.4444604940054895E-4,1.4444604940054895E-4,1.4444604940054895E-4,1.4444604940054895E-4,1.4444604940054895E-4,1.4444604940054895E-4,1.4444604940054895E-4,1.4444604940054895E-4,1.4444604940054895E-4,1.4444604940054895E-4,1.4444604940054895E-4,1.4444604940054895E-4,0.9939332659251764,1.4444604940054895E-4,1.4444604940054895E-4,1.4444604940054895E-4,1.4444604940054895E-4,1.4444604940054895E-4,1.4444604940054895E-4,1.4444604940054895E-4,1.4444604940054895E-4,1.4444604940054895E-4,1.4444604940054895E-4,1.4444604940054895E-4,1.4444604940054895E-4,1.4444604940054895E-4,1.4444604940054895E-4,1.4444604940054895E-4,1.4444604940054895E-4,1.4444604940054895E-4,1.4444604940054895E-4
132,CATNODE,4,1.4501160092807413E-4,1.4501160092807413E-4,1.4501160092807413E-4,1.4501160092807413E-4,1.4501160092807413E-4,1.4501160092807413E-4,1.4501160092807413E-4,1.4501160092807413E-4,1.4501160092807413E-4,1.4501160092807413E-4,0.997824825986078,1.4501160092807413E-4,1.4501160092807413E-4,1.4501160092807413E-4,1.4501160092807413E-4,1.4501160092807413E-4
153,PRD
133,CATNODE,7,1.5368065160596282E-4,1.5368065160596282E-4,1.5368065160596282E-4,1.5368065160596282E-4,1.5368065160596282E-4,1.5368065160596282E-4,1.5368065160596282E-4,1.5368065160596282E-4,1.5368065160596282E-4,1.5368065160596282E-4,1.5368065160596282E-4,1.5368065160596282E-4,1.5368065160596282E-4,1.5368065160596282E-4,1.5368065160596282E-4,1.5368065160596282E-4,1.5368065160596282E-4,1.5368065160596282E-4,1.5368065160596282E-4,1.5368065160596282E-4,1.5368065160596282E-4,1.5368065160596282E-4,1.5368065160596282E-4,1.5368065160596282E-4,1.5368065160596282E-4,1.5368065160596282E-4,1.5368065160596282E-4,0.9935454126325489,1.5368065160596282E-4,1.5368065160596282E-4,1.5368065160596282E-4,1.5368065160596282E-4,1.5368065160596282E-4,1.5368065160596282E-4,1.5368065160596282E-4,1.5368065160596282E-4,1.5368065160596282E-4,1.5368065160596282E-4,1.5368065160596282E-4,1.5368065160596282E-4,1.5368065160596282E-4,1.5368065160596282E-4,1.5368065160596282E-4
134,CATNODE,4,1.5432098765432085E-4,1.5432098765432085E-4,1.5432098765432085E-4,1.5432098765432085E-4,1.5432098765432085E-4,1.5432098765432085E-4,1.5432098765432085E-4,1.5432098765432085E-4,0.9976851851851845,1.5432098765432085E-4,1.5432098765432085E-4,1.5432098765432085E-4,1.5432098765432085E-4,1.5432098765432085E-4,1.5432098765432085E-4,1.5432098765432085E-4
152,PRD
135,CATNODE,4,7.175660160734784E-5,7.175660160734784E-5,7.175660160734784E-5,7.175660160734784E-5,7.175660160734784E-5,7.175660160734784E-5,7.175660160734784E-5,7.175660160734784E-5,7.175660160734784E-5,0.9989236509758896,7.175660160734784E-5,7.175660160734784E-5,7.175660160734784E-5,7.175660160734784E-5,7.175660160734784E-5,7.175660160734784E-5
136,CATNODE,7,7.16178471675142E-5,7.16178471675142E-5,7.16178471675142E-5,7.16178471675142E-5,7.16178471675142E-5,7.16178471675142E-5,7.16178471675142E-5,7.16178471675142E-5,7.16178471675142E-5,7.16178471675142E-5,7.16178471675142E-5,7.16178471675142E-5,7.16178471675142E-5,7.16178471675142E-5,7.16178471675142E-5,7.16178471675142E-5,7.16178471675142E-5,7.16178471675142E-5,7.16178471675142E-5,7.16178471675142E-5,7.16178471675142E-5,7.16178471675142E-5,7.16178471675142E-5,7.16178471675142E-5,7.16178471675142E-5,7.16178471675142E-5,7.16178471675142E-5,7.16178471675142E-5,0.9969920504189645,7.16178471675142E-5,7.16178471675142E-5,7.16178471675142E-5,7.16178471675142E-5,7.16178471675142E-5,7.16178471675142E-5,7.16178471675142E-5,7.16178471675142E-5,7.16178471675142E-5,7.16178471675142E-5,7.16178471675142E-5,7.16178471675142E-5,7.16178471675142E-5,7.16178471675142E-5
151,PRD
137,CATNODE,4,5.028157683024936E-5,5.028157683024936E-5,5.028157683024936E-5,5.028157683024936E-5,5.028157683024936E-5,0.9992457763475461,5.028157683024936E-5,5.028157683024936E-5,5.028157683024936E-5,5.028157683024936E-5,5.028157683024936E-5,5.028157683024936E-5,5.028157683024936E-5,5.028157683024936E-5,5.028157683024936E-5,5.028157683024936E-5
138,CATNODE,7,5.021340697966356E-5,5.021340697966356E-5,5.021340697966356E-5,5.021340697966356E-5,5.021340697966356E-5,5.021340697966356E-5,5.021340697966356E-5,5.021340697966356E-5,5.021340697966356E-5,5.021340697966356E-5,5.021340697966356E-5,5.021340697966356E-5,5.021340697966356E-5,5.021340697966356E-5,5.021340697966356E-5,5.021340697966356E-5,5.021340697966356E-5,5.021340697966356E-5,5.021340697966356E-5,5.021340697966356E-5,5.021340697966356E-5,5.021340697966356E-5,5.021340697966356E-5,5.021340697966356E-5,5.021340697966356E-5,5.021340697966356E-5,5.021340697966356E-5,5.021340697966356E-5,5.021340697966356E-5,5.021340697966356E-5,5.021340697966356E-5,0.9978910369068545,5.021340697966356E-5,5.021340697966356E-5,5.021340697966356E-5,5.021340697966356E-5,5.021340697966356E-5,5.021340697966356E-5,5.021340697966356E-5,5.021340697966356E-5,5.021340697966356E-5,5.021340697966356E-5,5.021340697966356E-5
150,PRD
139,CATNODE,4,8.89046941678521E-5,8.89046941678521E-5,8.89046941678521E-5,8.89046941678521E-5,8.89046941678521E-5,8.89046941678521E-5,8.89046941678521E-5,0.9986664295874819,8.89046941678521E-5,8.89046941678521E-5,8.89046941678521E-5,8.89046941678521E-5,8.89046941678521E-5,8.89046941678521E-5,8.89046941678521E-5,8.89046941678521E-5
140,CATNODE,7,8.86917960088692E-5,8.86917960088692E-5,8.86917960088692E-5,8.86917960088692E-5,8.86917960088692E-5,8.86917960088692E-5,8.86917960088692E-5,8.86917960088692E-5,8.86917960088692E-5,8.86917960088692E-5,8.86917960088692E-5,8.86917960088692E-5,8.86917960088692E-5,8.86917960088692E-5,8.86917960088692E-5,8.86917960088692E-5,8.86917960088692E-5,8.86917960088692E-5,8.86917960088692E-5,8.86917960088692E-5,8.86917960088692E-5,8.86917960088692E-5,8.86917960088692E-5,8.86917960088692E-5,8.86917960088692E-5,8.86917960088692E-5,8.86917960088692E-5,8.86917960088692E-5,8.86917960088692E-5,8.86917960088692E-5,0.9962749445676271,8.86917960088692E-5,8.86917960088692E-5,8.86917960088692E-5,8.86917960088692E-5,8.86917960088692E-5,8.86917960088692E-5,8.86917960088692E-5,8.86917960088692E-5,8.86917960088692E-5,8.86917960088692E-5,8.86917960088692E-5,8.86917960088692E-5
149,PRD
141,CATNODE,7,6.347191367819738E-5,6.347191367819738E-5,6.347191367819738E-5,6.347191367819738E-5,6.347191367819738E-5,6.347191367819738E-5,6.347191367819738E-5,6.347191367819738E-5,6.347191367819738E-5,6.347191367819738E-5,6.347191367819738E-5,6.347191367819738E-5,6.347191367819738E-5,6.347191367819738E-5,6.347191367819738E-5,6.347191367819738E-5,6.347191367819738E-5,6.347191367819738E-5,6.347191367819738E-5,6.347191367819738E-5,6.347191367819738E-5,6.347191367819738E-5,6.347191367819738E-5,6.347191367819738E-5,6.347191367819738E-5,6.347191367819738E-5,0.997334179625516,6.347191367819738E-5,6.347191367819738E-5,6.347191367819738E-5,6.347191367819738E-5,6.347191367819738E-5,6.347191367819738E-5,6.347191367819738E-5,6.347191367819738E-5,6.347191367819738E-5,6.347191367819738E-5,6.347191367819738E-5,6.347191367819738E-5,6.347191367819738E-5,6.347191367819738E-5,6.347191367819738E-5,6.347191367819738E-5
142,CATNODE,4,6.358087487283823E-5,6.358087487283823E-5,6.358087487283823E-5,6.358087487283823E-5,6.358087487283823E-5,6.358087487283823E-5,6.358087487283823E-5,6.358087487283823E-5,6.358087487283823E-5,6.358087487283823E-5,6.358087487283823E-5,6.358087487283823E-5,6.358087487283823E-5,0.9990462868769078,6.358087487283823E-5,6.358087487283823E-5
148,PRD
143,CATNODE,4,0.997824825986078,1.4501160092807413E-4,1.4501160092807413E-4,1.4501160092807413E-4,1.4501160092807413E-4,1.4501160092807413E-4,1.4501160092807413E-4,1.4501160092807413E-4,1.4501160092807413E-4,1.4501160092807413E-4,1.4501160092807413E-4,1.4501160092807413E-4,1.4501160092807413E-4,1.4501160092807413E-4,1.4501160092807413E-4,1.4501160092807413E-4
144,CATNODE,7,1.4444604940054895E-4,1.4444604940054895E-4,1.4444604940054895E-4,1.4444604940054895E-4,1.4444604940054895E-4,1.4444604940054895E-4,1.4444604940054895E-4,1.4444604940054895E-4,1.4444604940054895E-4,1.4444604940054895E-4,1.4444604940054895E-4,1.4444604940054895E-4,1.4444604940054895E-4,1.4444604940054895E-4,1.4444604940054895E-4,1.4444604940054895E-4,1.4444604940054895E-4,1.4444604940054895E-4,1.4444604940054895E-4,1.4444604940054895E-4,1.4444604940054895E-4,1.4444604940054895E-4,1.4444604940054895E-4,1.4444604940054895E-4,1.4444604940054895E-4,1.4444604940054895E-4,1.4444604940054895E-4,1.4444604940054895E-4,1.4444604940054895E-4,0.9939332659251764,1.4444604940054895E-4,1.4444604940054895E-4,1.4444604940054895E-4,1.4444604940054895E-4,1.4444604940054895E-4,1.4444604940054895E-4,1.4444604940054895E-4,1.4444604940054895E-4,1.4444604940054895E-4,1.4444604940054895E-4,1.4444604940054895E-4,1.4444604940054895E-4,1.4444604940054895E-4
147,PRD
145,CATNODE,4,1.0575296108291025E-4,0.9984137055837563,1.0575296108291025E-4,1.0575296108291025E-4,1.0575296108291025E-4,1.0575296108291025E-4,1.0575296108291025E-4,1.0575296108291025E-4,1.0575296108291025E-4,1.0575296108291025E-4,1.0575296108291025E-4,1.0575296108291025E-4,1.0575296108291025E-4,1.0575296108291025E-4,1.0575296108291025E-4,1.0575296108291025E-4
146,CATNODE,7,1.0545186122535065E-4,1.0545186122535065E-4,1.0545186122535065E-4,1.0545186122535065E-4,1.0545186122535065E-4,1.0545186122535065E-4,1.0545186122535065E-4,1.0545186122535065E-4,1.0545186122535065E-4,1.0545186122535065E-4,1.0545186122535065E-4,1.0545186122535065E-4,1.0545186122535065E-4,1.0545186122535065E-4,1.0545186122535065E-4,1.0545186122535065E-4,1.0545186122535065E-4,1.0545186122535065E-4,1.0545186122535065E-4,1.0545186122535065E-4,1.0545186122535065E-4,1.0545186122535065E-4,0.9955710218285352,1.0545186122535065E-4,1.0545186122535065E-4,1.0545186122535065E-4,1.0545186122535065E-4,1.0545186122535065E-4,1.0545186122535065E-4,1.0545186122535065E-4,1.0545186122535065E-4,1.0545186122535065E-4,1.0545186122535065E-4,1.0545186122535065E-4,1.0545186122535065E-4,1.0545186122535065E-4,1.0545186122535065E-4,1.0545186122535065E-4,1.0545186122535065E-4,1.0545186122535065E-4,1.0545186122535065E-4,1.0545186122535065E-4,1.0545186122535065E-4
##EDGES##
210,209,0.5187298753467019
210,208,0.14323971052379889
210,207,0.14559887780151115
210,206,0.019542831638346032
210,205,0.172888704689642
209,204
209,3
209,4
204,202,0.21350869645381354
204,201,0.6171101960543298
204,200,0.13834429352836333
204,199,0.020650236617294572
204,198,0.010386577346198758
202,9
202,183
202,41
202,42
183,173,0.4565342544617156
183,172,0.3370754173862982
183,171,0.10880829015544041
183,170,0.09758203799654577
173,68
173,95
173,96
172,69
172,97
172,98
171,70
171,164
164,161,0.5026455026455027
164,160,0.4973544973544973
161,113
161,114
160,115
160,116
170,71
170,99
170,100
201,188
201,32
201,57
201,72
201,73
188,182,0.11592470869435315
188,181,0.17916542177073996
188,180,0.15576137834877005
188,179,0.17956378846728413
188,178,0.11144308335823125
188,177,0.10935165820137437
188,176,0.14878996115924709
182,43
182,44
181,45
181,46
180,47
180,48
179,49
179,50
178,51
178,52
177,53
177,54
176,55
176,56
200,10
200,175
200,58
200,78
200,79
175,169,0.7703243003109729
175,168,0.2296756996890271
169,74
169,75
168,76
168,77
199,11
199,33
199,59
199,80
199,101
199,102
198,12
198,34
198,60
198,81
198,103
198,104
208,203
208,5
208,29
208,35
208,61
208,82
208,83
203,197,0.05653238370799021
203,196,0.3661250834631649
203,195,0.12308034720676608
203,194,0.21077231248608946
203,193,0.0636545737814378
203,192,0.037391497885599825
203,191,0.07322501669263298
203,190,0.06921878477631872
197,13
197,14
196,15
196,16
195,17
195,18
194,19
194,20
193,21
193,22
192,23
192,24
191,25
191,26
190,27
190,28
207,0
207,189
207,6
189,187,0.23626012699802934
189,186,0.3306328005255091
189,185,0.3702649441646595
189,184,0.06284212831180205
187,36
187,62
187,163
187,105
187,106
163,159,0.8276181649675626
163,158,0.17238183503243745
159,117
159,118
158,119
158,120
186,174
186,63
186,90
186,107
186,108
174,167,0.18079470198675496
174,166,0.7066225165562914
174,165,0.11258278145695365
167,84
167,85
166,86
166,87
165,88
165,89
185,37
185,64
185,91
185,109
185,121
185,122
184,38
184,65
184,92
184,110
184,123
184,124
206,1
206,7
206,30
206,39
206,66
206,93
206,111
206,112
205,2
205,8
205,31
205,40
205,67
205,94
205,162
162,157,0.07615710861146967
162,156,0.2236769315876821
162,155,0.1792365849160981
162,154,0.03964595242485709
162,153,0.03724875530149364
162,152,0.08021390374331551
162,151,0.1145122625852849
162,150,0.0647243223308132
162,149,0.09054029135165038
162,148,0.03964595242485709
162,147,0.054397934722478336
157,125
157,126
156,127
156,128
155,129
155,130
154,131
154,132
153,133
153,134
152,135
152,136
151,137
151,138
150,139
150,140
149,141
149,142
148,143
148,144
147,145
147,146
