##NODES##
0,SUM
1,CATNODEPRD,0,0
2,CATNODEPRD,0,1
3,CATNODEPRD,0,2
4,CATNODEPRD,1,0
5,CATNODEPRD,1,1
6,CATNODEPRD,1,2
7,CATNODEPRD,2,0
8,CATNODEPRD,2,1
9,CATNODEPRD,2,2
10,CATNODEPRD,3,0
11,CATNODEPRD,3,1
12,CATNODEPRD,4,0
13,CATNODEPRD,4,1
14,CATNODEPRD,5,0
15,CATNODEPRD,5,1
16,CATNODEPRD,5,2
17,CATNODEPRD,5,3
18,CATNODEPRD,5,4
19,CATNODEPRD,5,5
20,CATNODEPRD,5,6
21,CATNODEPRD,5,7
22,CATNODEPRD,5,8
23,CATNODEPRD,5,9
24,CATNODEPRD,5,10
25,CATNODEPRD,5,11
26,CATNODEPRD,5,12
27,CATNODEPRD,5,13
28,CATNODEPRD,5,14
29,CATNODEPRD,5,15
30,CATNODEPRD,5,16
31,CATNODEPRD,5,17
32,CATNODEPRD,5,18
33,CATNODEPRD,5,19
34,CATNODEPRD,5,20
35,CATNODEPRD,5,21
36,CATNODEPRD,5,22
37,CATNODEPRD,5,23
38,CATNODEPRD,5,24
39,CATNODEPRD,5,25
40,CATNODEPRD,5,26
41,CATNODEPRD,5,27
42,CATNODEPRD,5,28
43,CATNODEPRD,5,29
44,CATNODEPRD,5,30
45,CATNODEPRD,5,31
46,CATNODEPRD,5,32
47,CATNODEPRD,5,33
48,CATNODEPRD,5,34
49,CATNODEPRD,5,35
50,CATNODEPRD,5,36
51,CATNODEPRD,5,37
52,CATNODEPRD,5,38
53,CATNODEPRD,5,39
54,CATNODEPRD,5,40
55,CATNODEPRD,5,41
56,CATNODEPRD,5,42
57,CATNODEPRD,5,43
58,CATNODEPRD,5,44
59,CATNODEPRD,5,45
60,CATNODEPRD,5,46
61,CATNODEPRD,5,47
62,CATNODEPRD,5,48
63,CATNODEPRD,5,49
64,CATNODEPRD,5,50
65,CATNODEPRD,5,51
66,CATNODEPRD,5,52
67,CATNODEPRD,5,53
68,CATNODEPRD,5,54
69,CATNODEPRD,5,55
70,CATNODEPRD,5,56
71,CATNODEPRD,5,57
72,CATNODEPRD,5,58
73,CATNODEPRD,5,59
74,CATNODEPRD,5,60
75,CATNODEPRD,5,61
76,CATNODEPRD,5,62
77,CATNODEPRD,5,63
78,CATNODEPRD,5,64
79,CATNODEPRD,5,65
80,CATNODEPRD,5,66
81,CATNODEPRD,5,67
82,CATNODEPRD,5,68
83,CATNODEPRD,5,69
84,CATNODEPRD,5,70
85,CATNODEPRD,5,71
86,CATNODEPRD,5,72
87,CATNODEPRD,5,73
88,CATNODEPRD,5,74
89,CATNODEPRD,5,75
90,CATNODEPRD,5,76
91,CATNODEPRD,5,77
92,CATNODEPRD,5,78
93,CATNODEPRD,5,79
94,CATNODEPRD,5,80
95,CATNODEPRD,5,81
96,CATNODEPRD,5,82
97,CATNODEPRD,5,83
98,CATNODEPRD,5,84
99,CATNODEPRD,5,85
100,CATNODEPRD,5,86
101,CATNODEPRD,5,87
102,CATNODEPRD,5,88
103,CATNODEPRD,5,89
104,CATNODEPRD,5,90
105,CATNODEPRD,5,91
106,CATNODEPRD,5,92
107,CATNODEPRD,5,93
108,CATNODEPRD,5,94
109,CATNODEPRD,5,95
110,CATNODEPRD,5,96
111,CATNODEPRD,5,97
112,CATNODEPRD,5,98
113,CATNODEPRD,5,99
114,CATNODEPRD,5,100
115,CATNODEPRD,5,101
116,CATNODEPRD,5,102
117,CATNODEPRD,5,103
118,CATNODEPRD,5,104
119,CATNODEPRD,5,105
120,CATNODEPRD,5,106
121,CATNODEPRD,5,107
122,CATNODEPRD,5,108
123,CATNODEPRD,5,109
124,CATNODEPRD,5,110
125,CATNODEPRD,5,111
126,CATNODEPRD,5,112
127,CATNODEPRD,5,113
128,CATNODEPRD,5,114
129,CATNODEPRD,5,115
130,CATNODEPRD,5,116
131,CATNODEPRD,5,117
132,CATNODEPRD,5,118
133,CATNODEPRD,5,119
134,CATNODEPRD,5,120
135,CATNODEPRD,5,121
136,CATNODEPRD,5,122
137,CATNODEPRD,5,123
138,CATNODEPRD,5,124
139,CATNODEPRD,5,125
140,CATNODEPRD,5,126
141,PRD
142,PRD
143,PRD
144,PRD
145,PRD
146,PRD
147,PRD
148,PRD
149,PRD
150,PRD
151,PRD
152,PRD
153,PRD
154,PRD
155,PRD
156,PRD
157,PRD
158,PRD
159,PRD
160,PRD
161,PRD
162,PRD
163,PRD
164,PRD
165,PRD
166,PRD
167,PRD
168,PRD
169,PRD
170,PRD
171,PRD
172,PRD
173,PRD
174,PRD
175,PRD
176,PRD
177,PRD
178,PRD
179,PRD
180,PRD
181,PRD
182,PRD
183,PRD
184,PRD
185,PRD
186,PRD
187,PRD
188,PRD
189,PRD
190,PRD
191,PRD
192,PRD
193,PRD
194,PRD
195,PRD
196,PRD
197,PRD
198,PRD
199,PRD
200,PRD
201,PRD
202,PRD
203,PRD
204,PRD
205,PRD
206,PRD
207,PRD
208,PRD
209,PRD
210,PRD
211,PRD
212,PRD
213,PRD
214,PRD
215,PRD
216,PRD
217,PRD
218,PRD
219,PRD
220,PRD
221,PRD
222,PRD
223,PRD
224,PRD
225,PRD
226,PRD
227,PRD
228,PRD
229,PRD
230,PRD
231,PRD
232,PRD
233,PRD
234,PRD
235,PRD
236,PRD
237,PRD
238,PRD
239,PRD
240,PRD
241,PRD
242,PRD
243,PRD
244,PRD
245,PRD
246,PRD
247,PRD
248,PRD
249,PRD
250,PRD
251,PRD
252,PRD
253,PRD
254,PRD
255,PRD
256,PRD
257,PRD
258,PRD
259,PRD
260,PRD
261,PRD
262,PRD
263,PRD
264,PRD
265,PRD
266,PRD
267,PRD
268,PRD
269,PRD
270,PRD
271,PRD
272,PRD
273,PRD
274,PRD
275,PRD
276,PRD
277,PRD
278,PRD
279,PRD
280,PRD
281,PRD
282,PRD
283,PRD
284,PRD
285,PRD
286,PRD
287,PRD
288,PRD
289,PRD
290,PRD
291,PRD
292,PRD
293,PRD
294,PRD
295,PRD
296,PRD
297,PRD
298,PRD
299,PRD
300,PRD
301,PRD
302,PRD
303,PRD
304,PRD
305,PRD
306,PRD
307,PRD
308,PRD
309,PRD
310,PRD
311,PRD
312,PRD
313,PRD
314,PRD
315,PRD
316,PRD
317,PRD
318,PRD
319,PRD
320,PRD
321,PRD
322,PRD
323,PRD
324,PRD
325,PRD
326,PRD
327,PRD
328,PRD
329,PRD
330,PRD
331,PRD
332,PRD
333,PRD
334,PRD
335,PRD
336,PRD
337,PRD
338,PRD
339,PRD
340,PRD
341,PRD
342,PRD
343,PRD
344,PRD
345,PRD
346,PRD
347,PRD
348,PRD
349,PRD
350,PRD
351,PRD
352,PRD
353,PRD
354,PRD
355,PRD
356,PRD
357,PRD
358,PRD
359,PRD
360,PRD
361,PRD
362,PRD
363,PRD
364,PRD
365,PRD
366,PRD
367,PRD
368,PRD
369,PRD
370,PRD
371,PRD
372,PRD
373,PRD
374,PRD
375,PRD
376,PRD
377,PRD
378,PRD
379,PRD
380,PRD
381,PRD
382,PRD
383,PRD
384,PRD
385,PRD
386,PRD
387,PRD
388,PRD
389,PRD
390,PRD
391,PRD
392,PRD
393,PRD
394,PRD
395,PRD
396,PRD
397,PRD
398,PRD
399,PRD
400,PRD
401,PRD
402,PRD
403,PRD
404,PRD
405,PRD
406,PRD
407,PRD
408,PRD
409,PRD
410,PRD
411,PRD
412,PRD
413,PRD
414,PRD
415,PRD
416,PRD
417,PRD
418,PRD
419,PRD
420,PRD
421,PRD
422,PRD
423,PRD
424,PRD
425,PRD
426,PRD
427,PRD
428,PRD
429,PRD
430,PRD
431,PRD
432,PRD
433,PRD
434,PRD
435,PRD
436,PRD
437,PRD
438,PRD
439,PRD
440,PRD
441,PRD
442,PRD
443,PRD
444,PRD
445,PRD
446,PRD
447,PRD
448,PRD
449,PRD
450,PRD
451,PRD
452,PRD
453,PRD
454,PRD
455,PRD
456,PRD
457,PRD
458,PRD
459,PRD
460,PRD
461,PRD
462,PRD
463,PRD
464,PRD
465,PRD
466,PRD
467,PRD
468,PRD
469,PRD
470,PRD
471,PRD
472,PRD
473,PRD
474,PRD
475,PRD
476,PRD
477,PRD
478,PRD
479,PRD
480,PRD
481,PRD
482,PRD
483,PRD
484,PRD
485,PRD
486,PRD
487,PRD
488,PRD
489,PRD
490,PRD
491,PRD
492,PRD
493,PRD
494,PRD
495,PRD
496,PRD
497,PRD
498,PRD
499,PRD
500,PRD
501,PRD
502,PRD
503,PRD
504,PRD
505,PRD
506,PRD
507,PRD
508,PRD
509,PRD
510,PRD
511,PRD
512,PRD
513,PRD
514,PRD
515,PRD
516,PRD
517,PRD
518,PRD
519,PRD
520,PRD
521,PRD
522,PRD
523,PRD
524,PRD
525,PRD
526,PRD
527,PRD
528,PRD
529,PRD
530,PRD
531,PRD
532,PRD
533,PRD
534,PRD
535,PRD
536,PRD
537,PRD
538,PRD
539,PRD
540,PRD
541,PRD
542,PRD
543,PRD
544,PRD
545,PRD
546,PRD
547,PRD
548,PRD
549,PRD
550,PRD
551,PRD
552,PRD
553,PRD
554,PRD
555,PRD
556,PRD
557,PRD
558,PRD
559,PRD
560,PRD
561,PRD
562,PRD
563,PRD
564,PRD
565,PRD
566,PRD
567,PRD
568,PRD
569,PRD
570,PRD
571,PRD
572,PRD
573,PRD
574,PRD
575,PRD
576,PRD
577,PRD
578,PRD
579,PRD
580,PRD
581,PRD
582,PRD
583,PRD
584,PRD
585,PRD
586,PRD
587,PRD
588,PRD
589,PRD
590,PRD
591,PRD
592,PRD
593,PRD
594,PRD
595,PRD
596,PRD
597,PRD
598,PRD
599,PRD
600,PRD
601,PRD
602,PRD
603,PRD
604,PRD
605,PRD
606,PRD
607,PRD
608,PRD
609,PRD
610,PRD
611,PRD
612,PRD
613,PRD
614,PRD
615,PRD
616,PRD
617,PRD
618,PRD
619,PRD
620,PRD
621,PRD
622,PRD
623,PRD
624,PRD
625,PRD
626,PRD
627,PRD
628,PRD
629,PRD
630,PRD
631,PRD
632,PRD
633,PRD
634,PRD
635,PRD
636,PRD
637,PRD
638,PRD
639,PRD
640,PRD
641,PRD
642,PRD
643,PRD
644,PRD
645,PRD
646,PRD
647,PRD
648,PRD
649,PRD
650,PRD
651,PRD
652,PRD
653,PRD
654,PRD
655,PRD
656,PRD
657,PRD
658,PRD
659,PRD
660,PRD
661,PRD
662,PRD
663,PRD
664,PRD
665,PRD
666,PRD
667,PRD
668,PRD
669,PRD
670,PRD
671,PRD
672,PRD
673,PRD
674,PRD
675,PRD
676,PRD
677,PRD
678,PRD
679,PRD
680,PRD
681,PRD
682,PRD
683,PRD
684,PRD
685,PRD
686,PRD
687,PRD
688,PRD
689,PRD
690,PRD
691,PRD
692,PRD
693,PRD
694,PRD
695,PRD
696,PRD
697,PRD
698,PRD
699,PRD
700,PRD
701,PRD
702,PRD
703,PRD
704,PRD
705,PRD
706,PRD
707,PRD
708,PRD
709,PRD
710,PRD
711,PRD
712,PRD
713,PRD
714,PRD
715,PRD
716,PRD
717,PRD
718,PRD
719,PRD
720,PRD
721,PRD
722,PRD
723,PRD
724,PRD
725,PRD
726,PRD
727,PRD
728,PRD
729,PRD
730,PRD
731,PRD
732,PRD
733,PRD
734,PRD
735,PRD
736,PRD
737,PRD
738,PRD
739,PRD
740,PRD
741,PRD
742,PRD
743,PRD
744,PRD
745,PRD
746,PRD
747,PRD
748,PRD
749,PRD
750,PRD
751,PRD
752,PRD
753,PRD
754,PRD
755,PRD
756,PRD
757,PRD
758,PRD
759,PRD
760,PRD
761,PRD
762,PRD
763,PRD
764,PRD
765,PRD
766,PRD
767,PRD
768,PRD
769,PRD
770,PRD
771,PRD
772,PRD
773,PRD
774,PRD
775,PRD
776,PRD
777,PRD
778,PRD
779,PRD
780,PRD
781,PRD
782,PRD
783,PRD
784,PRD
785,PRD
786,PRD
787,PRD
788,PRD
789,PRD
790,PRD
791,PRD
792,PRD
793,PRD
794,PRD
795,PRD
796,PRD
797,PRD
798,PRD
799,PRD
800,PRD
801,PRD
802,PRD
803,PRD
804,PRD
805,PRD
806,PRD
807,PRD
808,PRD
809,PRD
810,PRD
811,PRD
812,PRD
813,PRD
814,PRD
815,PRD
816,PRD
817,PRD
818,PRD
819,PRD
820,PRD
821,PRD
822,PRD
823,PRD
824,PRD
825,PRD
826,PRD
827,PRD
828,PRD
829,PRD
830,PRD
831,PRD
832,PRD
833,PRD
834,PRD
835,PRD
836,PRD
837,PRD
838,PRD
839,PRD
840,PRD
841,PRD
842,PRD
843,PRD
844,PRD
845,PRD
846,PRD
847,PRD
848,PRD
849,PRD
850,PRD
851,PRD
852,PRD
853,PRD
854,PRD
855,PRD
856,PRD
857,PRD
858,PRD
859,PRD
860,PRD
861,PRD
862,PRD
863,PRD
864,PRD
865,PRD
866,PRD
867,PRD
868,PRD
869,PRD
870,PRD
871,PRD
872,PRD
873,PRD
874,PRD
875,PRD
876,PRD
877,PRD
878,PRD
879,PRD
880,PRD
881,PRD
882,PRD
883,PRD
884,PRD
885,PRD
886,PRD
887,PRD
888,PRD
889,PRD
890,PRD
891,PRD
892,PRD
893,PRD
894,PRD
895,PRD
896,PRD
897,PRD
898,PRD
899,PRD
900,PRD
901,PRD
902,PRD
903,PRD
904,PRD
905,PRD
906,PRD
907,PRD
908,PRD
909,PRD
910,PRD
911,PRD
912,PRD
913,PRD
914,PRD
915,PRD
916,PRD
917,PRD
918,PRD
919,PRD
920,PRD
921,PRD
922,PRD
923,PRD
924,PRD
925,PRD
926,PRD
927,PRD
928,PRD
929,PRD
930,PRD
931,PRD
932,PRD
933,PRD
934,PRD
935,PRD
936,PRD
937,PRD
938,PRD
939,PRD
940,PRD
941,PRD
942,PRD
943,PRD
944,PRD
945,PRD
946,PRD
947,PRD
948,PRD
949,PRD
950,PRD
951,PRD
952,PRD
953,PRD
954,PRD
955,PRD
956,PRD
957,PRD
958,PRD
959,PRD
960,PRD
961,PRD
962,PRD
963,PRD
964,PRD
965,PRD
966,PRD
967,PRD
968,PRD
969,PRD
970,PRD
971,PRD
972,PRD
973,PRD
974,PRD
975,PRD
976,PRD
977,PRD
978,PRD
979,PRD
##EDGES##
0,141,0.00014807593827701306
141,1
141,6
141,8
141,11
141,13
141,67
0,142,0.00019126475360780853
142,1
142,6
142,7
142,11
142,13
142,67
0,143,0.00019126475360780853
143,3
143,4
143,9
143,11
143,13
143,67
0,144,0.00018509492284626632
144,2
144,4
144,7
144,11
144,13
144,67
0,145,0.00020977424589243516
145,1
145,5
145,8
145,11
145,13
145,67
0,146,0.0001727552613231819
146,2
146,4
146,9
146,11
146,13
146,67
0,147,0.00015424576903855526
147,3
147,5
147,7
147,11
147,13
147,67
0,148,9.254746142313316e-05
148,1
148,4
148,9
148,11
148,13
148,67
0,149,0.00014807593827701306
149,3
149,4
149,8
149,11
149,13
149,67
0,150,0.00013573627675392863
150,3
150,5
150,9
150,11
150,13
150,67
0,151,0.00010488712294621758
151,1
151,5
151,9
151,11
151,13
151,67
0,152,0.0001665854305616397
152,2
152,5
152,7
152,11
152,13
152,67
0,153,0.00013573627675392863
153,2
153,6
153,7
153,11
153,13
153,67
0,154,0.00014190610751547086
154,3
154,6
154,7
154,11
154,13
154,67
0,155,0.00012956644599238643
155,1
155,5
155,7
155,11
155,13
155,67
0,156,0.0001110569537077598
156,3
156,4
156,7
156,10
156,12
156,67
0,157,0.00014807593827701306
157,2
157,5
157,9
157,11
157,13
157,67
0,158,0.0001110569537077598
158,3
158,5
158,8
158,11
158,13
158,67
0,159,0.00010488712294621758
159,1
159,6
159,9
159,11
159,13
159,67
0,160,0.00014807593827701306
160,2
160,4
160,8
160,11
160,13
160,67
0,161,0.00013573627675392863
161,2
161,6
161,9
161,11
161,13
161,67
0,162,0.00012339661523084422
162,3
162,6
162,9
162,11
162,13
162,67
0,163,0.00012339661523084422
163,2
163,5
163,8
163,11
163,13
163,67
0,164,0.00014807593827701306
164,2
164,6
164,8
164,11
164,13
164,67
0,165,0.0001604155998000975
165,1
165,4
165,7
165,11
165,13
165,67
0,166,8.020779990004874e-05
166,1
166,4
166,8
166,11
166,13
166,67
0,167,0.00014190610751547086
167,3
167,6
167,8
167,11
167,13
167,67
0,168,0.00013573627675392863
168,3
168,4
168,7
168,11
168,13
168,67
0,169,0.0007218701991004387
169,3
169,4
169,9
169,11
169,13
169,84
0,170,0.0008946254604236206
170,3
170,4
170,8
170,11
170,13
170,84
0,171,0.0009378142757544161
171,3
171,4
171,7
171,11
171,13
171,84
0,172,0.0001665854305616397
172,1
172,4
172,9
172,11
172,12
172,84
0,173,0.00048124679940029244
173,3
173,6
173,9
173,11
173,12
173,106
0,174,0.0005614545993003412
174,3
174,6
174,7
174,11
174,12
174,106
0,175,0.0005984735838695945
175,3
175,6
175,8
175,11
175,12
175,106
0,176,0.0003084915380771105
176,1
176,6
176,9
176,10
176,12
176,106
0,177,0.005003732747610733
177,2
177,5
177,9
177,11
177,13
177,62
0,178,4.318881533079547e-05
178,3
178,4
178,7
178,11
178,13
178,62
0,179,2.4679323046168844e-05
179,1
179,4
179,7
179,11
179,13
179,62
0,180,1.8509492284626632e-05
180,2
180,4
180,7
180,11
180,13
180,62
0,181,0.0011290790293622245
181,1
181,6
181,8
181,10
181,12
181,123
0,182,0.0005367752762541724
182,2
182,6
182,9
182,10
182,13
182,123
0,183,0.00014190610751547086
183,1
183,5
183,9
183,10
183,13
183,73
0,184,0.00011722678446930201
184,1
184,6
184,8
184,10
184,13
184,73
0,185,9.254746142313316e-05
185,1
185,5
185,8
185,10
185,13
185,73
0,186,0.0001604155998000975
186,3
186,4
186,9
186,10
186,13
186,73
0,187,9.871729218467538e-05
187,2
187,5
187,8
187,10
187,13
187,73
0,188,9.871729218467538e-05
188,3
188,5
188,8
188,10
188,13
188,73
0,189,0.00012339661523084422
189,3
189,6
189,8
189,10
189,13
189,73
0,190,0.00015424576903855526
190,2
190,4
190,8
190,10
190,13
190,73
0,191,0.00011722678446930201
191,3
191,5
191,7
191,10
191,13
191,73
0,192,0.00014190610751547086
192,1
192,5
192,7
192,10
192,13
192,73
0,193,0.00017892509208472412
193,3
193,4
193,7
193,10
193,13
193,73
0,194,0.00011722678446930201
194,1
194,4
194,9
194,10
194,13
194,73
0,195,0.0001604155998000975
195,1
195,4
195,7
195,10
195,13
195,73
0,196,0.00011722678446930201
196,2
196,4
196,7
196,10
196,13
196,73
0,197,0.00015424576903855526
197,3
197,4
197,8
197,10
197,13
197,73
0,198,0.00014190610751547086
198,2
198,6
198,8
198,10
198,13
198,73
0,199,0.0001110569537077598
199,1
199,6
199,9
199,10
199,13
199,73
0,200,0.00014807593827701306
200,3
200,6
200,9
200,10
200,13
200,73
0,201,0.00014190610751547086
201,3
201,5
201,9
201,10
201,13
201,73
0,202,0.00014807593827701306
202,2
202,5
202,7
202,10
202,13
202,73
0,203,8.020779990004874e-05
203,2
203,5
203,9
203,10
203,13
203,73
0,204,9.871729218467538e-05
204,1
204,4
204,8
204,10
204,13
204,73
0,205,9.254746142313316e-05
205,2
205,6
205,9
205,10
205,13
205,73
0,206,0.0001665854305616397
206,3
206,6
206,7
206,10
206,13
206,73
0,207,0.00010488712294621758
207,2
207,6
207,7
207,10
207,13
207,73
0,208,0.00013573627675392863
208,1
208,6
208,9
208,11
208,13
208,73
0,209,0.00011722678446930201
209,2
209,4
209,9
209,10
209,13
209,73
0,210,0.0001604155998000975
210,1
210,6
210,7
210,10
210,13
210,73
0,211,0.0015671370134317216
211,3
211,4
211,9
211,10
211,13
211,108
0,212,0.00010488712294621758
212,3
212,5
212,7
212,10
212,13
212,108
0,213,0.00012339661523084422
213,3
213,5
213,9
213,10
213,13
213,108
0,214,0.00012339661523084422
214,3
214,5
214,8
214,10
214,13
214,108
0,215,0.0003948691687387015
215,2
215,6
215,8
215,10
215,12
215,68
0,216,0.000351680353407906
216,2
216,5
216,7
216,10
216,12
216,68
0,217,0.00037018984569253265
217,2
217,4
217,9
217,10
217,12
217,68
0,218,0.0004627373071156658
218,2
218,6
218,9
218,10
218,12
218,68
0,219,0.00038252950721561705
219,2
219,4
219,8
219,10
219,12
219,68
0,220,0.0005120959532080035
220,2
220,4
220,7
220,10
220,12
220,68
0,221,0.0003763596764540749
221,2
221,5
221,8
221,10
221,12
221,68
0,222,0.00046890713787720804
222,2
222,6
222,7
222,10
222,12
222,68
0,223,0.0004010389995002437
223,2
223,5
223,9
223,10
223,12
223,68
0,224,0.00010488712294621758
224,1
224,6
224,7
224,10
224,12
224,68
0,225,0.015868804718686565
225,1
225,4
225,8
225,10
225,13
225,15
0,226,0.015005028412070657
226,2
226,4
226,8
226,10
226,13
226,15
0,227,0.014930990442932151
227,3
227,4
227,8
227,10
227,13
227,15
0,228,6.169830761542211e-06
228,1
228,5
228,7
228,11
228,13
228,15
0,229,0.002196459751109027
229,1
229,4
229,9
229,10
229,13
229,54
0,230,0.002110082120447436
230,2
230,4
230,9
230,10
230,13
230,54
0,231,0.002159440766539774
231,3
231,4
231,9
231,10
231,13
231,54
0,232,6.169830761542211e-05
232,2
232,4
232,7
232,11
232,13
232,54
0,233,0.001055041060223718
233,1
233,6
233,8
233,10
233,12
233,79
0,234,0.0010427013987006335
234,1
234,6
234,9
234,10
234,12
234,79
0,235,0.0008637763066159095
235,1
235,6
235,7
235,10
235,12
235,79
0,236,0.00013573627675392863
236,1
236,5
236,7
236,11
236,12
236,79
0,237,0.00023445356893860402
237,3
237,6
237,8
237,11
237,12
237,89
0,238,0.00024679323046168845
238,2
238,4
238,8
238,11
238,12
238,89
0,239,0.0002529630612232306
239,2
239,6
239,8
239,11
239,12
239,89
0,240,0.00020977424589243516
240,1
240,6
240,8
240,11
240,12
240,89
0,241,0.00027147255350785726
241,3
241,5
241,8
241,11
241,12
241,89
0,242,0.00024062339970014622
242,3
242,4
242,8
242,11
242,12
242,89
0,243,0.0003393406918848216
243,1
243,4
243,8
243,11
243,12
243,89
0,244,7.403796913850653e-05
244,1
244,6
244,8
244,11
244,13
244,89
0,245,6.169830761542211e-05
245,1
245,4
245,8
245,11
245,13
245,89
0,246,0.00025913289198477285
246,2
246,5
246,8
246,11
246,12
246,89
0,247,0.00019743458436935075
247,1
247,5
247,8
247,11
247,12
247,89
0,248,8.020779990004874e-05
248,1
248,5
248,8
248,11
248,13
248,89
0,249,0.0017707414285626146
249,2
249,4
249,9
249,11
249,12
249,59
0,250,0.00181393024389341
250,1
250,4
250,9
250,11
250,12
250,59
0,251,0.001641174982570228
251,3
251,4
251,9
251,11
251,12
251,59
0,252,8.020779990004874e-05
252,1
252,5
252,7
252,11
252,13
252,59
0,253,0.002727065196601657
253,2
253,6
253,8
253,11
253,12
253,81
0,254,1.2339661523084422e-05
254,3
254,5
254,7
254,10
254,13
254,81
0,255,1.8509492284626632e-05
255,3
255,6
255,7
255,10
255,13
255,81
0,256,1.8509492284626632e-05
256,2
256,5
256,7
256,10
256,13
256,81
0,257,1.8509492284626632e-05
257,1
257,4
257,7
257,10
257,13
257,81
0,258,2.4679323046168844e-05
258,1
258,5
258,7
258,10
258,13
258,81
0,259,6.169830761542211e-06
259,1
259,6
259,7
259,10
259,13
259,81
0,260,3.7018984569253265e-05
260,2
260,4
260,7
260,10
260,13
260,81
0,261,3.7018984569253265e-05
261,3
261,4
261,7
261,10
261,13
261,81
0,262,0.0021409312742551472
262,1
262,5
262,9
262,10
262,13
262,91
0,263,4.935864609233769e-05
263,2
263,5
263,8
263,11
263,12
263,91
0,264,0.00013573627675392863
264,2
264,4
264,8
264,11
264,12
264,91
0,265,6.169830761542211e-05
265,2
265,6
265,8
265,11
265,12
265,91
0,266,0.00011722678446930201
266,1
266,6
266,9
266,11
266,13
266,135
0,267,0.0001110569537077598
267,1
267,4
267,9
267,11
267,13
267,135
0,268,6.786813837696431e-05
268,1
268,6
268,9
268,11
268,12
268,135
0,269,8.020779990004874e-05
269,3
269,5
269,9
269,11
269,13
269,135
0,270,8.020779990004874e-05
270,2
270,4
270,9
270,11
270,13
270,135
0,271,0.00010488712294621758
271,1
271,4
271,8
271,11
271,12
271,135
0,272,8.020779990004874e-05
272,2
272,6
272,9
272,11
272,13
272,135
0,273,0.00012339661523084422
273,3
273,6
273,9
273,11
273,13
273,135
0,274,0.0001110569537077598
274,1
274,5
274,8
274,11
274,12
274,135
0,275,6.786813837696431e-05
275,1
275,4
275,9
275,11
275,12
275,135
0,276,0.00010488712294621758
276,1
276,5
276,9
276,11
276,12
276,135
0,277,8.020779990004874e-05
277,3
277,4
277,9
277,11
277,13
277,135
0,278,0.0001110569537077598
278,2
278,5
278,9
278,11
278,13
278,135
0,279,6.169830761542211e-05
279,1
279,6
279,7
279,11
279,12
279,135
0,280,0.00010488712294621758
280,1
280,4
280,7
280,11
280,12
280,135
0,281,9.254746142313316e-05
281,1
281,6
281,8
281,11
281,12
281,135
0,282,9.254746142313316e-05
282,1
282,5
282,9
282,11
282,13
282,135
0,283,4.935864609233769e-05
283,1
283,5
283,7
283,11
283,12
283,135
0,284,0.0016288353210471436
284,1
284,6
284,8
284,10
284,13
284,61
0,285,0.0016535146440933126
285,2
285,6
285,8
285,10
285,13
285,61
0,286,0.0017460621055164457
286,3
286,6
286,8
286,10
286,13
286,61
0,287,8.637763066159095e-05
287,3
287,6
287,9
287,11
287,12
287,61
0,288,0.0011167393678391403
288,1
288,4
288,9
288,10
288,13
288,37
0,289,0.0011846075062161045
289,2
289,4
289,8
289,10
289,13
289,37
0,290,0.0011352488601237669
290,2
290,4
290,9
290,10
290,13
290,37
0,291,0.0011537583524083934
291,2
291,4
291,7
291,10
291,13
291,37
0,292,0.0011599281831699356
292,3
292,4
292,9
292,10
292,13
292,37
0,293,0.0011537583524083934
293,3
293,4
293,7
293,10
293,13
293,37
0,294,0.0010735505525083448
294,3
294,4
294,8
294,10
294,13
294,37
0,295,0.0010056824141313804
295,1
295,4
295,8
295,10
295,13
295,37
0,296,0.0009501539372775004
296,1
296,4
296,7
296,10
296,13
296,37
0,297,3.7018984569253265e-05
297,1
297,4
297,7
297,11
297,12
297,37
0,298,0.008656272558443721
298,2
298,5
298,8
298,10
298,12
298,23
0,299,0.008606913912351384
299,2
299,5
299,7
299,10
299,12
299,23
0,300,0.008687121712251432
300,2
300,5
300,9
300,10
300,12
300,23
0,301,2.4679323046168844e-05
301,3
301,5
301,7
301,10
301,13
301,23
0,302,0.007169343344912049
302,1
302,6
302,8
302,10
302,13
302,49
0,303,1.8509492284626632e-05
303,1
303,4
303,9
303,11
303,13
303,49
0,304,3.0849153807711056e-05
304,1
304,5
304,9
304,11
304,13
304,49
0,305,1.8509492284626632e-05
305,1
305,6
305,9
305,11
305,13
305,49
0,306,0.008687121712251432
306,2
306,5
306,7
306,11
306,12
306,22
0,307,0.008995613250328544
307,2
307,5
307,9
307,11
307,12
307,22
0,308,0.009236236650028689
308,2
308,5
308,8
308,11
308,12
308,22
0,309,2.4679323046168844e-05
309,3
309,5
309,7
309,11
309,13
309,22
0,310,0.00017892509208472412
310,2
310,4
310,8
310,11
310,13
310,121
0,311,0.00014807593827701306
311,2
311,5
311,8
311,11
311,13
311,121
0,312,0.00043805798406949695
312,3
312,5
312,7
312,11
312,12
312,121
0,313,0.0003763596764540749
313,3
313,5
313,8
313,11
313,12
313,121
0,314,0.00017892509208472412
314,2
314,6
314,8
314,11
314,13
314,121
0,315,0.0003763596764540749
315,3
315,5
315,9
315,11
315,12
315,121
0,316,0.003220651657525034
316,1
316,5
316,8
316,11
316,12
316,41
0,317,0.0031527835191480697
317,1
317,5
317,7
317,11
317,12
317,41
0,318,0.003158953349909612
318,1
318,5
318,9
318,11
318,12
318,41
0,319,4.318881533079547e-05
319,3
319,4
319,7
319,11
319,13
319,41
0,320,6.169830761542211e-05
320,2
320,6
320,9
320,11
320,12
320,76
0,321,0.0002961518765540261
321,1
321,5
321,9
321,10
321,12
321,76
0,322,0.0004010389995002437
322,1
322,6
322,9
322,10
322,12
322,76
0,323,0.0002961518765540261
323,3
323,6
323,9
323,10
323,12
323,76
0,324,0.000351680353407906
324,2
324,4
324,9
324,10
324,12
324,76
0,325,0.00038252950721561705
325,3
325,5
325,9
325,10
325,12
325,76
0,326,0.000351680353407906
326,1
326,4
326,9
326,10
326,12
326,76
0,327,0.0003763596764540749
327,3
327,4
327,9
327,10
327,12
327,76
0,328,0.00037018984569253265
328,2
328,5
328,9
328,10
328,12
328,76
0,329,0.0003763596764540749
329,2
329,6
329,9
329,10
329,12
329,76
0,330,4.935864609233769e-05
330,2
330,4
330,9
330,11
330,12
330,76
0,331,4.318881533079547e-05
331,2
331,5
331,9
331,11
331,12
331,76
0,332,0.0008576064758543673
332,3
332,5
332,8
332,10
332,12
332,83
0,333,0.0009501539372775004
333,3
333,4
333,8
333,10
333,12
333,83
0,334,0.0008452668143312829
334,3
334,6
334,8
334,10
334,12
334,83
0,335,4.318881533079547e-05
335,2
335,5
335,9
335,10
335,13
335,83
0,336,7.403796913850653e-05
336,2
336,4
336,9
336,10
336,13
336,83
0,337,4.318881533079547e-05
337,2
337,6
337,9
337,10
337,13
337,83
0,338,0.00024062339970014622
338,2
338,6
338,8
338,11
338,12
338,102
0,339,0.00020360441513089296
339,3
339,6
339,7
339,11
339,12
339,102
0,340,4.935864609233769e-05
340,2
340,6
340,7
340,10
340,12
340,102
0,341,4.935864609233769e-05
341,2
341,4
341,7
341,10
341,12
341,102
0,342,0.0002776423842693995
342,2
342,6
342,7
342,11
342,12
342,102
0,343,0.00020360441513089296
343,3
343,6
343,9
343,11
343,12
343,102
0,344,0.00017892509208472412
344,1
344,6
344,7
344,11
344,12
344,102
0,345,0.00020977424589243516
345,1
345,6
345,8
345,11
345,12
345,102
0,346,1.2339661523084422e-05
346,2
346,5
346,7
346,10
346,12
346,102
0,347,2.4679323046168844e-05
347,1
347,4
347,7
347,10
347,12
347,102
0,348,4.935864609233769e-05
348,3
348,5
348,7
348,10
348,12
348,102
0,349,0.0001727552613231819
349,2
349,6
349,9
349,11
349,12
349,102
0,350,4.935864609233769e-05
350,1
350,6
350,7
350,10
350,12
350,102
0,351,0.0001665854305616397
351,3
351,6
351,8
351,11
351,12
351,102
0,352,0.00013573627675392863
352,1
352,6
352,9
352,11
352,12
352,102
0,353,1.8509492284626632e-05
353,1
353,5
353,7
353,10
353,12
353,102
0,354,1.2339661523084422e-05
354,3
354,4
354,7
354,10
354,12
354,102
0,355,2.4679323046168844e-05
355,3
355,6
355,7
355,10
355,12
355,102
0,356,0.00027147255350785726
356,3
356,6
356,9
356,10
356,12
356,98
0,357,0.0019249871976011698
357,3
357,4
357,9
357,10
357,12
357,98
0,358,0.0010612108909852603
358,1
358,5
358,8
358,11
358,13
358,78
0,359,0.0010488712294621759
359,1
359,5
359,9
359,11
359,13
359,78
0,360,0.0009810030910852115
360,1
360,5
360,7
360,11
360,13
360,78
0,361,4.935864609233769e-05
361,3
361,6
361,9
361,11
361,12
361,78
0,362,6.169830761542211e-05
362,2
362,6
362,9
362,11
362,12
362,78
0,363,3.7018984569253265e-05
363,1
363,6
363,9
363,11
363,12
363,78
0,364,6.786813837696431e-05
364,2
364,6
364,8
364,11
364,13
364,119
0,365,0.00013573627675392863
365,3
365,6
365,9
365,11
365,13
365,119
0,366,0.00014807593827701306
366,3
366,4
366,9
366,11
366,13
366,119
0,367,0.0001110569537077598
367,3
367,5
367,7
367,11
367,13
367,119
0,368,0.00012956644599238643
368,3
368,6
368,7
368,11
368,13
368,119
0,369,7.403796913850653e-05
369,2
369,6
369,9
369,11
369,13
369,119
0,370,0.00012339661523084422
370,3
370,4
370,7
370,11
370,13
370,119
0,371,0.00014190610751547086
371,3
371,5
371,9
371,11
371,13
371,119
0,372,4.935864609233769e-05
372,2
372,5
372,8
372,11
372,13
372,119
0,373,0.00015424576903855526
373,3
373,5
373,8
373,11
373,13
373,119
0,374,0.00012339661523084422
374,3
374,4
374,8
374,11
374,13
374,119
0,375,0.00011722678446930201
375,3
375,6
375,8
375,11
375,13
375,119
0,376,4.318881533079547e-05
376,2
376,6
376,7
376,11
376,13
376,119
0,377,7.403796913850653e-05
377,2
377,5
377,7
377,11
377,13
377,119
0,378,2.4679323046168844e-05
378,2
378,4
378,9
378,11
378,13
378,119
0,379,4.935864609233769e-05
379,2
379,5
379,9
379,11
379,13
379,119
0,380,5.55284768538799e-05
380,2
380,4
380,7
380,11
380,13
380,119
0,381,4.318881533079547e-05
381,2
381,4
381,8
381,11
381,13
381,119
0,382,0.009365803096021075
382,2
382,4
382,8
382,10
382,13
382,42
0,383,3.0849153807711056e-05
383,3
383,6
383,7
383,10
383,12
383,42
0,384,6.169830761542211e-06
384,2
384,6
384,7
384,10
384,12
384,42
0,385,1.2339661523084422e-05
385,1
385,6
385,7
385,10
385,12
385,42
0,386,0.003362557765040505
386,2
386,6
386,9
386,11
386,12
386,36
0,387,0.003331708611232794
387,2
387,6
387,7
387,11
387,12
387,36
0,388,0.0034304259034174693
388,2
388,6
388,8
388,11
388,12
388,36
0,389,3.7018984569253265e-05
389,1
389,6
389,7
389,11
389,13
389,36
0,390,0.0002961518765540261
390,2
390,5
390,9
390,10
390,12
390,95
0,391,0.00020977424589243516
391,1
391,5
391,8
391,10
391,12
391,95
0,392,0.00019126475360780853
392,1
392,5
392,7
392,10
392,12
392,95
0,393,0.0002776423842693995
393,3
393,5
393,9
393,10
393,12
393,95
0,394,0.0002776423842693995
394,2
394,5
394,8
394,10
394,12
394,95
0,395,0.0002776423842693995
395,3
395,5
395,8
395,10
395,12
395,95
0,396,0.00025913289198477285
396,3
396,5
396,9
396,11
396,13
396,95
0,397,0.0002282837381770618
397,3
397,5
397,7
397,10
397,12
397,95
0,398,0.00027147255350785726
398,1
398,5
398,9
398,10
398,12
398,95
0,399,0.00018509492284626632
399,2
399,5
399,7
399,10
399,12
399,95
0,400,9.871729218467538e-05
400,1
400,4
400,8
400,10
400,12
400,133
0,401,0.0008267573220466563
401,1
401,6
401,8
401,11
401,13
401,133
0,402,5.55284768538799e-05
402,1
402,4
402,7
402,10
402,12
402,133
0,403,6.786813837696431e-05
403,1
403,5
403,7
403,10
403,12
403,133
0,404,8.637763066159095e-05
404,1
404,6
404,9
404,10
404,12
404,133
0,405,0.00010488712294621758
405,1
405,5
405,8
405,10
405,12
405,133
0,406,8.637763066159095e-05
406,1
406,6
406,8
406,10
406,12
406,133
0,407,6.169830761542211e-05
407,1
407,6
407,7
407,10
407,12
407,133
0,408,7.403796913850653e-05
408,1
408,4
408,9
408,10
408,12
408,133
0,409,8.637763066159095e-05
409,1
409,5
409,9
409,10
409,12
409,133
0,410,0.0024124038277630044
410,3
410,6
410,8
410,10
410,12
410,86
0,411,2.4679323046168844e-05
411,1
411,6
411,8
411,11
411,13
411,86
0,412,2.4679323046168844e-05
412,2
412,6
412,8
412,11
412,13
412,86
0,413,1.8509492284626632e-05
413,1
413,6
413,9
413,11
413,13
413,86
0,414,1.2339661523084422e-05
414,2
414,6
414,9
414,11
414,13
414,86
0,415,2.4679323046168844e-05
415,3
415,6
415,8
415,11
415,13
415,86
0,416,1.8509492284626632e-05
416,2
416,6
416,7
416,11
416,13
416,86
0,417,4.318881533079547e-05
417,3
417,6
417,7
417,11
417,13
417,86
0,418,6.169830761542211e-06
418,3
418,6
418,9
418,11
418,13
418,86
0,419,0.00025913289198477285
419,1
419,6
419,9
419,10
419,13
419,96
0,420,0.0020298743205473873
420,3
420,4
420,8
420,11
420,13
420,96
0,421,0.0014560800597239617
421,3
421,4
421,9
421,11
421,12
421,114
0,422,0.0003886993379771593
422,3
422,6
422,8
422,11
422,13
422,114
0,423,0.0019743458436935076
423,2
423,4
423,9
423,11
423,12
423,55
0,424,0.0020915726281628094
424,2
424,4
424,7
424,11
424,12
424,55
0,425,0.0021285916127320626
425,2
425,4
425,8
425,11
425,12
425,55
0,426,8.637763066159095e-05
426,1
426,4
426,7
426,10
426,13
426,55
0,427,0.0017522319362779878
427,3
427,4
427,9
427,11
427,13
427,58
0,428,0.0019249871976011698
428,1
428,4
428,9
428,11
428,13
428,58
0,429,0.0018015905823703256
429,2
429,4
429,9
429,11
429,13
429,58
0,430,1.2339661523084422e-05
430,1
430,6
430,7
430,11
430,13
430,58
0,431,6.169830761542211e-06
431,3
431,5
431,7
431,11
431,13
431,58
0,432,1.2339661523084422e-05
432,1
432,4
432,7
432,11
432,13
432,58
0,433,1.2339661523084422e-05
433,2
433,4
433,7
433,11
433,13
433,58
0,434,1.8509492284626632e-05
434,2
434,6
434,7
434,11
434,13
434,58
0,435,1.2339661523084422e-05
435,2
435,5
435,7
435,11
435,13
435,58
0,436,6.169830761542211e-06
436,3
436,4
436,7
436,11
436,13
436,58
0,437,6.169830761542211e-05
437,3
437,5
437,9
437,10
437,13
437,128
0,438,0.0010303617371775493
438,2
438,4
438,9
438,11
438,12
438,128
0,439,5.55284768538799e-05
439,1
439,5
439,9
439,10
439,13
439,128
0,440,0.00011722678446930201
440,2
440,5
440,8
440,10
440,13
440,128
0,441,6.786813837696431e-05
441,2
441,5
441,7
441,10
441,13
441,128
0,442,5.55284768538799e-05
442,1
442,5
442,8
442,10
442,13
442,128
0,443,7.403796913850653e-05
443,3
443,5
443,8
443,10
443,13
443,128
0,444,8.020779990004874e-05
444,1
444,5
444,7
444,10
444,13
444,128
0,445,7.403796913850653e-05
445,2
445,5
445,9
445,10
445,13
445,128
0,446,6.786813837696431e-05
446,3
446,5
446,7
446,10
446,13
446,128
0,447,0.0016720241363779391
447,2
447,4
447,9
447,10
447,12
447,60
0,448,0.0015733068441932637
448,2
448,4
448,7
448,10
448,12
448,60
0,449,0.0019496665206473387
449,2
449,4
449,8
449,10
449,12
449,60
0,450,3.0849153807711056e-05
450,3
450,6
450,9
450,11
450,13
450,60
0,451,4.318881533079547e-05
451,3
451,6
451,7
451,11
451,13
451,60
0,452,1.8509492284626632e-05
452,3
452,6
452,8
452,11
452,13
452,60
0,453,0.00304172656544031
453,3
453,4
453,8
453,11
453,12
453,43
0,454,0.002887480796401755
454,3
454,4
454,7
454,11
454,12
454,43
0,455,0.0030910852115326477
455,3
455,4
455,9
455,11
455,12
455,43
0,456,2.4679323046168844e-05
456,2
456,5
456,7
456,11
456,13
456,43
0,457,2.4679323046168844e-05
457,1
457,5
457,7
457,11
457,13
457,43
0,458,6.169830761542211e-06
458,3
458,5
458,7
458,11
458,13
458,43
0,459,0.0032946896266635405
459,1
459,4
459,9
459,10
459,12
459,21
0,460,0.002955348934778719
460,1
460,4
460,7
460,10
460,12
460,21
0,461,0.003158953349909612
461,3
461,4
461,9
461,10
461,12
461,21
0,462,0.003189802503717323
462,2
462,4
462,8
462,10
462,12
462,21
0,463,0.00298619808858643
463,3
463,4
463,7
463,10
463,12
463,21
0,464,0.002961518765540261
464,3
464,4
464,8
464,10
464,12
464,21
0,465,0.0031404438576249855
465,2
465,4
465,7
465,10
465,12
465,21
0,466,0.003165123180671154
466,1
466,4
466,8
466,10
466,12
466,21
0,467,0.0030602360577249364
467,2
467,4
467,9
467,10
467,12
467,21
0,468,1.2339661523084422e-05
468,1
468,5
468,7
468,10
468,13
468,21
0,469,0.0010735505525083448
469,2
469,4
469,9
469,11
469,13
469,126
0,470,0.0005614545993003412
470,2
470,5
470,7
470,11
470,12
470,126
0,471,0.0025481401045169333
471,2
471,5
471,8
471,10
471,13
471,45
0,472,0.0025851590890861864
472,2
472,5
472,7
472,10
472,13
472,45
0,473,0.00256664959680156
473,2
473,5
473,9
473,10
473,13
473,45
0,474,1.8509492284626632e-05
474,3
474,6
474,7
474,10
474,13
474,45
0,475,1.2339661523084422e-05
475,3
475,4
475,7
475,10
475,13
475,45
0,476,1.8509492284626632e-05
476,3
476,5
476,7
476,10
476,13
476,45
0,477,0.00032700103036173715
477,3
477,4
477,8
477,11
477,13
477,137
0,478,0.00027147255350785726
478,2
478,6
478,9
478,11
478,13
478,137
0,479,0.00018509492284626632
479,3
479,6
479,8
479,11
479,13
479,137
0,480,0.0002529630612232306
480,2
480,6
480,8
480,11
480,13
480,137
0,481,0.000320831199600195
481,2
481,6
481,7
481,11
481,13
481,137
0,482,0.0002776423842693995
482,3
482,5
482,8
482,11
482,13
482,137
0,483,0.00027147255350785726
483,1
483,4
483,7
483,10
483,13
483,140
0,484,0.0002776423842693995
484,1
484,4
484,9
484,10
484,13
484,140
0,485,0.00027147255350785726
485,3
485,4
485,8
485,11
485,12
485,140
0,486,0.0002159440766539774
486,3
486,6
486,8
486,11
486,12
486,140
0,487,0.0002776423842693995
487,1
487,4
487,8
487,10
487,13
487,140
0,488,0.0002776423842693995
488,3
488,5
488,8
488,11
488,12
488,140
0,489,0.021464841219405353
489,2
489,5
489,8
489,11
489,13
489,24
0,490,6.169830761542211e-06
490,2
490,5
490,7
490,11
490,13
490,24
0,491,1.2339661523084422e-05
491,2
491,4
491,7
491,11
491,13
491,24
0,492,6.169830761542211e-06
492,2
492,6
492,7
492,11
492,13
492,24
0,493,0.001635005151808686
493,3
493,5
493,8
493,11
493,13
493,105
0,494,0.0002899820457924839
494,1
494,4
494,9
494,11
494,13
494,105
0,495,0.009143689188605557
495,3
495,5
495,8
495,10
495,13
495,44
0,496,1.2339661523084422e-05
496,2
496,4
496,7
496,10
496,12
496,44
0,497,2.4679323046168844e-05
497,2
497,5
497,7
497,10
497,12
497,44
0,498,1.2339661523084422e-05
498,2
498,6
498,7
498,10
498,12
498,44
0,499,0.03700047507696864
499,1
499,5
499,8
499,10
499,13
499,17
0,500,6.169830761542211e-06
500,1
500,6
500,7
500,11
500,12
500,17
0,501,1.2339661523084422e-05
501,3
501,6
501,7
501,11
501,12
501,17
0,502,0.002690046212032404
502,3
502,6
502,8
502,10
502,13
502,82
0,503,0.0001604155998000975
503,1
503,6
503,9
503,11
503,12
503,82
0,504,0.0013388532752546599
504,3
504,4
504,9
504,11
504,12
504,31
0,505,0.0013635325983008286
505,3
505,6
505,9
505,11
505,12
505,31
0,506,0.0013820420905854551
506,3
506,4
506,8
506,11
506,12
506,31
0,507,0.001289494629162322
507,3
507,5
507,8
507,11
507,12
507,31
0,508,0.0013635325983008286
508,3
508,6
508,8
508,11
508,12
508,31
0,509,0.0013943817521085396
509,3
509,5
509,7
509,11
509,12
509,31
0,510,0.0013388532752546599
510,3
510,5
510,9
510,11
510,12
510,31
0,511,0.0012956644599238644
511,3
511,4
511,7
511,11
511,12
511,31
0,512,0.0011784376754545624
512,3
512,6
512,7
512,11
512,12
512,31
0,513,1.8509492284626632e-05
513,1
513,6
513,9
513,10
513,12
513,31
0,514,6.169830761542211e-06
514,1
514,5
514,9
514,10
514,12
514,31
0,515,0.00128332479840078
515,2
515,6
515,8
515,11
515,12
515,18
0,516,0.0013018342906854065
516,1
516,5
516,8
516,11
516,12
516,18
0,517,0.0013943817521085396
517,2
517,4
517,8
517,11
517,12
517,18
0,518,0.0015116085365778416
518,1
518,6
518,9
518,11
518,12
518,18
0,519,0.0013882119213469975
519,1
519,4
519,8
519,11
519,12
519,18
0,520,0.0015671370134317216
520,3
520,6
520,9
520,11
520,12
520,18
0,521,0.001431400736677793
521,3
521,5
521,9
521,11
521,12
521,18
0,522,0.00128332479840078
522,1
522,6
522,8
522,11
522,12
522,18
0,523,0.0014190610751547085
523,1
523,5
523,7
523,11
523,12
523,18
0,524,0.001375872259823913
524,2
524,4
524,7
524,11
524,12
524,18
0,525,0.0012956644599238644
525,1
525,4
525,9
525,11
525,12
525,18
0,526,0.001314173952208491
526,3
526,6
526,7
526,11
526,12
526,18
0,527,0.0013573627675392864
527,1
527,6
527,7
527,11
527,12
527,18
0,528,0.0011784376754545624
528,3
528,4
528,7
528,11
528,12
528,18
0,529,0.0014437403982008774
529,2
529,5
529,9
529,11
529,12
529,18
0,530,0.001320343782970033
530,3
530,4
530,9
530,11
530,12
530,18
0,531,0.0012524756445930689
531,2
531,6
531,7
531,11
531,12
531,18
0,532,0.0013265136137315754
532,1
532,5
532,9
532,11
532,12
532,18
0,533,0.0013388532752546599
533,3
533,5
533,8
533,11
533,12
533,18
0,534,0.0013326834444931175
534,3
534,5
534,7
534,11
534,12
534,18
0,535,0.001314173952208491
535,3
535,4
535,8
535,11
535,12
535,18
0,536,0.0013080041214469486
536,2
536,6
536,9
536,11
536,12
536,18
0,537,0.0012771549676392376
537,3
537,6
537,8
537,11
537,12
537,18
0,538,0.0011599281831699356
538,2
538,4
538,9
538,11
538,12
538,18
0,539,0.0012956644599238644
539,2
539,5
539,8
539,11
539,12
539,18
0,540,0.001375872259823913
540,1
540,4
540,7
540,11
540,12
540,18
0,541,0.0013511929367777441
541,2
541,5
541,7
541,11
541,12
541,18
0,542,0.00014190610751547086
542,3
542,4
542,8
542,10
542,13
542,131
0,543,0.0006971908760542698
543,1
543,4
543,8
543,11
543,13
543,131
0,544,9.871729218467538e-05
544,3
544,6
544,9
544,10
544,13
544,131
0,545,0.00011722678446930201
545,3
545,4
545,7
545,10
545,13
545,131
0,546,0.0001110569537077598
546,3
546,5
546,8
546,10
546,13
546,131
0,547,9.871729218467538e-05
547,3
547,4
547,9
547,10
547,13
547,131
0,548,9.254746142313316e-05
548,3
548,6
548,7
548,10
548,13
548,131
0,549,0.00012956644599238643
549,3
549,5
549,9
549,10
549,13
549,131
0,550,8.637763066159095e-05
550,3
550,6
550,8
550,10
550,13
550,131
0,551,7.403796913850653e-05
551,3
551,5
551,7
551,10
551,13
551,131
0,552,0.007397627083089111
552,2
552,5
552,9
552,10
552,13
552,48
0,553,6.786813837696431e-05
553,3
553,6
553,9
553,10
553,13
553,48
0,554,0.0022396485664398225
554,1
554,5
554,9
554,10
554,12
554,51
0,555,0.002319856366339871
555,1
555,5
555,8
555,10
555,12
555,51
0,556,0.0025111211199476797
556,1
556,5
556,7
556,10
556,12
556,51
0,557,6.169830761542211e-05
557,3
557,5
557,7
557,10
557,12
557,51
0,558,0.009939597356844502
558,2
558,6
558,8
558,10
558,12
558,39
0,559,1.2339661523084422e-05
559,1
559,4
559,8
559,11
559,12
559,39
0,560,1.2339661523084422e-05
560,1
560,5
560,8
560,11
560,12
560,39
0,561,1.8509492284626632e-05
561,1
561,6
561,8
561,11
561,12
561,39
0,562,0.0015733068441932637
562,3
562,5
562,8
562,10
562,13
562,63
0,563,0.001665854305616397
563,3
563,4
563,8
563,10
563,13
563,63
0,564,0.0016164956595240592
564,3
564,6
564,8
564,10
564,13
564,63
0,565,1.2339661523084422e-05
565,1
565,5
565,7
565,10
565,12
565,63
0,566,4.935864609233769e-05
566,2
566,5
566,7
566,10
566,12
566,63
0,567,3.0849153807711056e-05
567,3
567,5
567,7
567,10
567,12
567,63
0,568,0.004257183225464125
568,2
568,4
568,7
568,11
568,12
568,19
0,569,0.0038746537182485085
569,2
569,4
569,8
569,11
569,12
569,19
0,570,0.0037882760875869175
570,3
570,4
570,7
570,11
570,12
570,19
0,571,0.004232503902417957
571,1
571,4
571,7
571,11
571,12
571,19
0,572,0.004072088302617859
572,1
572,4
572,9
572,11
572,12
572,19
0,573,0.003967201179671641
573,3
573,4
573,9
573,11
573,12
573,19
0,574,0.0039363520258639305
574,3
574,4
574,8
574,11
574,12
574,19
0,575,0.003911672702817762
575,2
575,4
575,9
575,11
575,12
575,19
0,576,0.003745087272256122
576,1
576,4
576,8
576,11
576,12
576,19
0,577,6.169830761542211e-06
577,3
577,6
577,7
577,11
577,13
577,19
0,578,6.169830761542211e-06
578,1
578,6
578,7
578,11
578,13
578,19
0,579,0.0013265136137315754
579,1
579,5
579,8
579,11
579,12
579,116
0,580,0.00015424576903855526
580,3
580,4
580,9
580,10
580,13
580,116
0,581,0.00014807593827701306
581,3
581,5
581,9
581,10
581,13
581,116
0,582,0.0001727552613231819
582,3
582,6
582,9
582,10
582,13
582,116
0,583,0.0057009236236650026
583,1
583,5
583,8
583,11
583,13
583,56
0,584,7.403796913850653e-05
584,3
584,4
584,7
584,10
584,13
584,56
0,585,5.55284768538799e-05
585,3
585,4
585,7
585,10
585,13
585,93
0,586,0.0002529630612232306
586,3
586,5
586,9
586,11
586,12
586,93
0,587,0.00024679323046168845
587,3
587,5
587,8
587,11
587,12
587,93
0,588,0.0002159440766539774
588,2
588,5
588,7
588,11
588,12
588,93
0,589,0.0002159440766539774
589,3
589,5
589,7
589,11
589,12
589,93
0,590,0.00019743458436935075
590,1
590,5
590,8
590,11
590,12
590,93
0,591,0.00027147255350785726
591,2
591,5
591,9
591,11
591,12
591,93
0,592,9.254746142313316e-05
592,2
592,4
592,7
592,10
592,13
592,93
0,593,0.0002529630612232306
593,1
593,5
593,9
593,11
593,12
593,93
0,594,0.00023445356893860402
594,2
594,5
594,8
594,11
594,12
594,93
0,595,0.00019126475360780853
595,1
595,5
595,7
595,11
595,12
595,93
0,596,6.786813837696431e-05
596,1
596,4
596,7
596,10
596,13
596,93
0,597,0.0018324397361780367
597,2
597,5
597,8
597,11
597,13
597,57
0,598,0.0017460621055164457
598,2
598,5
598,7
598,11
598,13
598,57
0,599,0.0019434966898857963
599,2
599,5
599,9
599,11
599,13
599,57
0,600,6.786813837696431e-05
600,1
600,6
600,7
600,10
600,13
600,57
0,601,0.0011907773369776468
601,3
601,5
601,8
601,11
601,12
601,122
0,602,0.0005614545993003412
602,3
602,5
602,9
602,10
602,12
602,122
0,603,0.0036155208262637355
603,1
603,5
603,8
603,10
603,12
603,40
0,604,0.0030232170731556833
604,2
604,5
604,8
604,10
604,12
604,40
0,605,0.0033440482727558783
605,3
605,5
605,8
605,10
605,12
605,40
0,606,3.7018984569253265e-05
606,3
606,6
606,7
606,10
606,12
606,40
0,607,0.0021841200895859427
607,2
607,4
607,8
607,11
607,13
607,52
0,608,0.0023630451816706666
608,1
608,4
608,8
608,11
608,13
608,52
0,609,0.002393894335478378
609,3
609,4
609,8
609,11
609,13
609,52
0,610,4.318881533079547e-05
610,3
610,5
610,7
610,11
610,12
610,52
0,611,6.169830761542211e-06
611,2
611,5
611,7
611,11
611,12
611,52
0,612,2.4679323046168844e-05
612,1
612,5
612,7
612,11
612,12
612,52
0,613,0.006163660930780668
613,2
613,4
613,8
613,10
613,12
613,27
0,614,0.006213019576873006
614,1
614,4
614,8
614,10
614,12
614,27
0,615,0.006243868730680718
615,3
615,4
615,8
615,10
615,12
615,27
0,616,3.0849153807711056e-05
616,3
616,6
616,7
616,10
616,13
616,27
0,617,0.0012524756445930689
617,3
617,4
617,9
617,10
617,12
617,30
0,618,0.0012956644599238644
618,3
618,6
618,8
618,10
618,12
618,30
0,619,0.0012956644599238644
619,3
619,5
619,8
619,10
619,12
619,30
0,620,0.0012524756445930689
620,3
620,5
620,9
620,10
620,12
620,30
0,621,0.001233966152308442
621,3
621,4
621,8
621,10
621,12
621,30
0,622,0.0013635325983008286
622,3
622,5
622,7
622,10
622,12
622,30
0,623,0.0015301180288624682
623,3
623,6
623,9
623,10
623,12
623,30
0,624,0.0014437403982008774
624,3
624,4
624,7
624,10
624,12
624,30
0,625,0.0012092868292622734
625,3
625,6
625,7
625,10
625,12
625,30
0,626,1.8509492284626632e-05
626,1
626,6
626,7
626,11
626,12
626,30
0,627,0.006731285360842552
627,1
627,4
627,8
627,10
627,13
627,53
0,628,6.169830761542211e-05
628,2
628,4
628,7
628,11
628,12
628,53
0,629,0.00013573627675392863
629,2
629,5
629,9
629,11
629,12
629,113
0,630,0.00015424576903855526
630,1
630,5
630,9
630,11
630,12
630,113
0,631,0.00017892509208472412
631,3
631,5
631,9
631,11
631,12
631,113
0,632,0.00020360441513089296
632,3
632,6
632,9
632,11
632,12
632,113
0,633,0.00012339661523084422
633,2
633,6
633,9
633,10
633,12
633,113
0,634,0.00011722678446930201
634,2
634,6
634,9
634,11
634,12
634,113
0,635,0.0002282837381770618
635,1
635,6
635,9
635,11
635,12
635,113
0,636,0.00014807593827701306
636,1
636,6
636,9
636,10
636,12
636,113
0,637,0.00014190610751547086
637,3
637,4
637,9
637,11
637,12
637,113
0,638,0.00019126475360780853
638,1
638,4
638,9
638,11
638,12
638,113
0,639,0.00011722678446930201
639,2
639,4
639,9
639,11
639,12
639,113
0,640,0.00013573627675392863
640,3
640,6
640,9
640,10
640,12
640,113
0,641,0.0004072088302617859
641,1
641,4
641,7
641,11
641,12
641,112
0,642,0.0004997562916849191
642,1
642,4
642,9
642,11
642,12
642,112
0,643,0.0003640200149309904
643,2
643,5
643,7
643,11
643,13
643,112
0,644,0.0005306054454926302
644,1
644,4
644,8
644,11
644,12
644,112
0,645,0.00024062339970014622
645,3
645,5
645,9
645,11
645,12
645,136
0,646,0.00031466136883865275
646,3
646,5
646,9
646,11
646,13
646,136
0,647,0.00024062339970014622
647,1
647,5
647,9
647,11
647,13
647,136
0,648,0.0002838122150309417
648,2
648,5
648,9
648,11
648,12
648,136
0,649,0.0002221139074155196
649,1
649,5
649,9
649,11
649,12
649,136
0,650,0.000320831199600195
650,2
650,5
650,9
650,11
650,13
650,136
0,651,0.00064166239920039
651,2
651,5
651,8
651,11
651,12
651,92
0,652,0.0008390969835697406
652,3
652,5
652,8
652,11
652,12
652,92
0,653,0.0002653027227463151
653,1
653,5
653,7
653,10
653,12
653,92
0,654,0.0006540020607234743
654,1
654,5
654,8
654,11
654,12
654,92
0,655,0.0004010389995002437
655,3
655,5
655,9
655,10
655,12
655,120
0,656,0.0004072088302617859
656,3
656,5
656,7
656,10
656,12
656,120
0,657,0.0005367752762541724
657,1
657,4
657,9
657,10
657,13
657,120
0,658,0.0003948691687387015
658,3
658,5
658,8
658,10
658,12
658,120
0,659,0.0013018342906854065
659,1
659,5
659,7
659,10
659,13
659,72
0,660,0.001166098013931478
660,1
660,5
660,8
660,10
660,13
660,72
0,661,0.0011043997063160558
661,1
661,5
661,9
661,10
661,13
661,72
0,662,0.0001110569537077598
662,2
662,4
662,7
662,10
662,12
662,72
0,663,0.001610325828762517
663,2
663,5
663,7
663,10
663,12
663,111
0,664,0.0003763596764540749
664,2
664,6
664,9
664,11
664,13
664,111
0,665,0.0012771549676392376
665,2
665,4
665,8
665,11
665,13
665,32
0,666,0.0012648153061161533
666,3
666,4
666,8
666,11
666,13
666,32
0,667,0.0011907773369776468
667,1
667,4
667,8
667,11
667,13
667,32
0,668,0.0012216264907853578
668,1
668,4
668,9
668,11
668,13
668,32
0,669,0.0010982298755545135
669,1
669,4
669,7
669,11
669,13
669,32
0,670,0.0012154566600238155
670,3
670,4
670,7
670,11
670,13
670,32
0,671,0.001314173952208491
671,3
671,4
671,9
671,11
671,13
671,32
0,672,0.0013573627675392864
672,2
672,4
672,7
672,11
672,13
672,32
0,673,0.0012771549676392376
673,2
673,4
673,9
673,11
673,13
673,32
0,674,3.0849153807711056e-05
674,3
674,5
674,7
674,11
674,12
674,32
0,675,0.0015918163364778905
675,2
675,4
675,8
675,10
675,12
675,104
0,676,0.00012339661523084422
676,2
676,6
676,9
676,10
676,12
676,104
0,677,9.871729218467538e-05
677,2
677,4
677,9
677,10
677,12
677,104
0,678,0.0001110569537077598
678,2
678,5
678,9
678,10
678,12
678,104
0,679,0.0011352488601237669
679,2
679,4
679,8
679,10
679,13
679,69
0,680,3.7018984569253265e-05
680,2
680,6
680,9
680,11
680,13
680,69
0,681,0.001196947167739189
681,2
681,5
681,8
681,10
681,13
681,69
0,682,0.0013943817521085396
682,2
682,6
682,8
682,10
682,13
682,69
0,683,4.935864609233769e-05
683,2
683,5
683,9
683,11
683,13
683,69
0,684,2.4679323046168844e-05
684,2
684,4
684,9
684,11
684,13
684,69
0,685,0.010007465495221466
685,2
685,5
685,9
685,10
685,12
685,38
0,686,1.8509492284626632e-05
686,2
686,5
686,7
686,10
686,13
686,38
0,687,2.4679323046168844e-05
687,2
687,4
687,7
687,10
687,13
687,38
0,688,0.0010920600447929714
688,3
688,5
688,8
688,10
688,12
688,35
0,689,0.0011475885216468513
689,2
689,6
689,8
689,10
689,12
689,35
0,690,0.0010920600447929714
690,3
690,4
690,8
690,10
690,12
690,35
0,691,0.0011290790293622245
691,2
691,5
691,8
691,10
691,12
691,35
0,692,0.0011537583524083934
692,1
692,4
692,8
692,10
692,12
692,35
0,693,0.0010920600447929714
693,2
693,4
693,8
693,10
693,12
693,35
0,694,0.0010735505525083448
694,1
694,6
694,8
694,10
694,12
694,35
0,695,0.0010920600447929714
695,1
695,5
695,8
695,10
695,12
695,35
0,696,0.0011907773369776468
696,3
696,6
696,8
696,10
696,12
696,35
0,697,3.0849153807711056e-05
697,2
697,6
697,7
697,11
697,13
697,35
0,698,0.0002159440766539774
698,1
698,6
698,8
698,10
698,13
698,132
0,699,0.00031466136883865275
699,3
699,5
699,9
699,10
699,13
699,132
0,700,0.0002653027227463151
700,2
700,5
700,9
700,10
700,13
700,132
0,701,0.00019126475360780853
701,1
701,6
701,9
701,10
701,13
701,132
0,702,0.0003331708611232794
702,1
702,5
702,9
702,10
702,13
702,132
0,703,0.0002529630612232306
703,1
703,6
703,7
703,10
703,13
703,132
0,704,0.0007403796913850653
704,2
704,6
704,9
704,11
704,12
704,134
0,705,0.00025913289198477285
705,2
705,4
705,8
705,10
705,12
705,134
0,706,0.0002776423842693995
706,2
706,6
706,8
706,10
706,12
706,134
0,707,0.00030232170731556835
707,2
707,5
707,8
707,10
707,12
707,134
0,708,0.001635005151808686
708,2
708,4
708,8
708,11
708,13
708,107
0,709,0.000351680353407906
709,1
709,4
709,8
709,10
709,12
709,107
0,710,0.0018509492284626632
710,1
710,5
710,9
710,11
710,13
710,100
0,711,0.00030232170731556835
711,3
711,5
711,9
711,10
711,13
711,100
0,712,0.000703360706815812
712,3
712,4
712,7
712,10
712,13
712,88
0,713,0.0007835685067158608
713,3
713,4
713,8
713,10
713,13
713,88
0,714,0.0007650590144312341
714,3
714,4
714,9
714,10
714,13
714,88
0,715,0.0002159440766539774
715,1
715,4
715,9
715,10
715,12
715,88
0,716,0.0012216264907853578
716,2
716,5
716,9
716,10
716,12
716,20
0,717,0.001233966152308442
717,2
717,4
717,9
717,10
717,12
717,20
0,718,0.0012092868292622734
718,1
718,6
718,9
718,10
718,12
718,20
0,719,0.001400551582870082
719,2
719,4
719,7
719,10
719,12
719,20
0,720,0.001345023106016202
720,2
720,6
720,8
720,10
720,12
720,20
0,721,0.0013326834444931175
721,1
721,5
721,9
721,10
721,12
721,20
0,722,0.0013018342906854065
722,3
722,5
722,7
722,10
722,12
722,20
0,723,0.0011599281831699356
723,3
723,6
723,9
723,10
723,12
723,20
0,724,0.0011907773369776468
724,2
724,5
724,8
724,10
724,12
724,20
0,725,0.0013820420905854551
725,1
725,6
725,7
725,10
725,12
725,20
0,726,0.0012709851368776955
726,3
726,4
726,8
726,10
726,12
726,20
0,727,0.0011352488601237669
727,1
727,4
727,8
727,10
727,12
727,20
0,728,0.0011475885216468513
728,3
728,6
728,8
728,10
728,12
728,20
0,729,0.001431400736677793
729,3
729,6
729,7
729,10
729,12
729,20
0,730,0.001345023106016202
730,1
730,5
730,8
730,10
730,12
730,20
0,731,0.001141418690885309
731,2
731,6
731,9
731,10
731,12
731,20
0,732,0.001233966152308442
732,3
732,4
732,7
732,10
732,12
732,20
0,733,0.0012401359830699844
733,1
733,4
733,9
733,10
733,12
733,20
0,734,0.0012092868292622734
734,1
734,6
734,8
734,10
734,12
734,20
0,735,0.001233966152308442
735,1
735,4
735,7
735,10
735,12
735,20
0,736,0.0013080041214469486
736,1
736,5
736,7
736,10
736,12
736,20
0,737,0.0012277963215469
737,2
737,4
737,8
737,10
737,12
737,20
0,738,0.0011907773369776468
738,3
738,4
738,9
738,10
738,12
738,20
0,739,0.0012401359830699844
739,2
739,5
739,7
739,10
739,12
739,20
0,740,0.001233966152308442
740,2
740,6
740,7
740,10
740,12
740,20
0,741,0.0013080041214469486
741,3
741,5
741,9
741,10
741,12
741,20
0,742,0.00117226784469302
742,3
742,5
742,8
742,10
742,12
742,20
0,743,1.8509492284626632e-05
743,1
743,4
743,7
743,11
743,13
743,20
0,744,0.010451693310052506
744,3
744,4
744,8
744,10
744,13
744,34
0,745,3.0849153807711056e-05
745,3
745,6
745,9
745,11
745,13
745,34
0,746,0.0010427013987006335
746,2
746,4
746,9
746,10
746,12
746,127
0,747,6.169830761542211e-05
747,2
747,6
747,7
747,10
747,13
747,127
0,748,8.020779990004874e-05
748,2
748,4
748,9
748,10
748,13
748,127
0,749,4.318881533079547e-05
749,2
749,5
749,7
749,10
749,13
749,127
0,750,5.55284768538799e-05
750,2
750,5
750,8
750,10
750,13
750,127
0,751,8.637763066159095e-05
751,2
751,4
751,7
751,10
751,13
751,127
0,752,6.786813837696431e-05
752,2
752,6
752,9
752,10
752,13
752,127
0,753,7.403796913850653e-05
753,2
753,5
753,9
753,10
753,13
753,127
0,754,6.786813837696431e-05
754,2
754,6
754,8
754,10
754,13
754,127
0,755,6.786813837696431e-05
755,2
755,4
755,8
755,10
755,13
755,127
0,756,0.0008576064758543673
756,1
756,4
756,8
756,10
756,13
756,87
0,757,0.0006540020607234743
757,1
757,5
757,8
757,10
757,13
757,87
0,758,0.0007835685067158608
758,1
758,6
758,8
758,10
758,13
758,87
0,759,4.935864609233769e-05
759,3
759,5
759,9
759,11
759,13
759,87
0,760,8.020779990004874e-05
760,3
760,6
760,9
760,11
760,13
760,87
0,761,8.637763066159095e-05
761,3
761,4
761,9
761,11
761,13
761,87
0,762,0.003597011333979109
762,3
762,4
762,8
762,10
762,12
762,71
0,763,4.935864609233769e-05
763,3
763,6
763,8
763,10
763,13
763,71
0,764,4.318881533079547e-05
764,3
764,6
764,9
764,10
764,13
764,71
0,765,2.4679323046168844e-05
765,3
765,6
765,7
765,10
765,13
765,71
0,766,0.004016559825763979
766,2
766,6
766,8
766,10
766,12
766,29
0,767,0.004331221194602632
767,2
767,6
767,9
767,10
767,12
767,29
0,768,0.004096767625664028
768,2
768,6
768,7
768,10
768,12
768,29
0,769,1.2339661523084422e-05
769,1
769,5
769,7
769,10
769,12
769,29
0,770,6.169830761542211e-06
770,1
770,4
770,7
770,10
770,12
770,29
0,771,1.2339661523084422e-05
771,1
771,6
771,7
771,10
771,12
771,29
0,772,0.0005120959532080035
772,2
772,6
772,7
772,10
772,12
772,118
0,773,0.00048124679940029244
773,2
773,6
773,9
773,10
773,13
773,118
0,774,0.0004072088302617859
774,2
774,6
774,7
774,10
774,13
774,118
0,775,0.0004503976455925814
775,2
775,6
775,8
775,10
775,13
775,118
0,776,0.001314173952208491
776,2
776,5
776,7
776,10
776,13
776,117
0,777,0.0004503976455925814
777,3
777,5
777,9
777,11
777,12
777,117
0,778,0.007823345405635524
778,2
778,5
778,9
778,11
778,12
778,46
0,779,6.169830761542211e-05
779,3
779,4
779,7
779,11
779,12
779,46
0,780,0.004867996470856804
780,3
780,5
780,8
780,10
780,12
780,64
0,781,3.0849153807711056e-05
781,3
781,5
781,7
781,10
781,13
781,64
0,782,3.7018984569253265e-05
782,2
782,5
782,7
782,10
782,13
782,64
0,783,1.2339661523084422e-05
783,1
783,5
783,7
783,10
783,13
783,64
0,784,0.018182491254264896
784,2
784,6
784,8
784,10
784,13
784,28
0,785,2.4679323046168844e-05
785,1
785,4
785,7
785,10
785,12
785,28
0,786,0.0015424576903855527
786,1
786,4
786,8
786,11
786,12
786,66
0,787,0.0016041559980009747
787,2
787,4
787,8
787,11
787,12
787,66
0,788,0.0013635325983008286
788,3
788,4
788,8
788,11
788,12
788,66
0,789,0.0006108132453926789
789,2
789,4
789,8
789,11
789,12
789,125
0,790,0.0011537583524083934
790,2
790,4
790,9
790,10
790,13
790,125
0,791,0.0414242437329944
791,2
791,5
791,8
791,10
791,12
791,16
0,792,6.169830761542211e-06
792,1
792,6
792,7
792,10
792,13
792,16
0,793,6.169830761542211e-06
793,3
793,6
793,7
793,10
793,13
793,16
0,794,0.002517290950709222
794,3
794,4
794,9
794,10
794,12
794,47
0,795,0.0026345177351785242
795,3
795,4
795,7
795,10
795,12
795,47
0,796,0.0025481401045169333
796,3
796,4
796,8
796,10
796,12
796,47
0,797,1.8509492284626632e-05
797,1
797,5
797,9
797,10
797,13
797,47
0,798,3.7018984569253265e-05
798,1
798,6
798,9
798,10
798,13
798,47
0,799,6.169830761542211e-06
799,1
799,4
799,9
799,10
799,13
799,47
0,800,0.002023704489785845
800,1
800,5
800,9
800,10
800,12
800,97
0,801,9.254746142313316e-05
801,3
801,5
801,7
801,11
801,13
801,97
0,802,0.0001110569537077598
802,3
802,5
802,8
802,11
802,13
802,97
0,803,6.786813837696431e-05
803,3
803,5
803,9
803,11
803,13
803,97
0,804,0.001055041060223718
804,1
804,6
804,8
804,11
804,12
804,75
0,805,0.0010673807217468024
805,1
805,6
805,7
805,11
805,12
805,75
0,806,0.0010427013987006335
806,1
806,6
806,9
806,11
806,12
806,75
0,807,4.318881533079547e-05
807,1
807,6
807,9
807,10
807,13
807,75
0,808,6.169830761542211e-05
808,2
808,6
808,9
808,10
808,13
808,75
0,809,5.55284768538799e-05
809,3
809,6
809,9
809,10
809,13
809,75
0,810,0.0006231529069157633
810,2
810,4
810,9
810,11
810,13
810,99
0,811,0.0006910210452927276
811,2
811,4
811,7
811,11
811,13
811,99
0,812,0.0005799640915849678
812,2
812,4
812,8
812,11
812,13
812,99
0,813,3.7018984569253265e-05
813,1
813,6
813,8
813,10
813,13
813,99
0,814,2.4679323046168844e-05
814,2
814,6
814,9
814,10
814,13
814,99
0,815,4.935864609233769e-05
815,3
815,6
815,7
815,10
815,13
815,99
0,816,2.4679323046168844e-05
816,2
816,6
816,8
816,10
816,13
816,99
0,817,1.8509492284626632e-05
817,3
817,6
817,8
817,10
817,13
817,99
0,818,3.7018984569253265e-05
818,2
818,6
818,7
818,10
818,13
818,99
0,819,1.2339661523084422e-05
819,3
819,6
819,9
819,10
819,13
819,99
0,820,2.4679323046168844e-05
820,1
820,6
820,7
820,10
820,13
820,99
0,821,3.7018984569253265e-05
821,1
821,6
821,9
821,10
821,13
821,99
0,822,0.0017460621055164457
822,1
822,5
822,9
822,11
822,12
822,103
0,823,0.00030232170731556835
823,1
823,6
823,8
823,11
823,12
823,103
0,824,0.0005737942608234257
824,2
824,4
824,7
824,10
824,13
824,101
0,825,0.0006663417222465588
825,2
825,4
825,8
825,10
825,13
825,101
0,826,0.0004997562916849191
826,2
826,4
826,9
826,10
826,13
826,101
0,827,4.935864609233769e-05
827,1
827,4
827,9
827,11
827,13
827,101
0,828,3.0849153807711056e-05
828,1
828,5
828,8
828,11
828,13
828,101
0,829,3.7018984569253265e-05
829,1
829,5
829,9
829,11
829,13
829,101
0,830,4.318881533079547e-05
830,1
830,6
830,9
830,11
830,13
830,101
0,831,3.0849153807711056e-05
831,1
831,4
831,7
831,11
831,13
831,101
0,832,3.7018984569253265e-05
832,1
832,6
832,8
832,11
832,13
832,101
0,833,4.935864609233769e-05
833,1
833,5
833,7
833,11
833,13
833,101
0,834,1.8509492284626632e-05
834,1
834,6
834,7
834,11
834,13
834,101
0,835,6.169830761542211e-06
835,1
835,4
835,8
835,11
835,13
835,101
0,836,0.0009563237680390427
836,3
836,6
836,8
836,10
836,12
836,77
0,837,0.001196947167739189
837,1
837,6
837,8
837,10
837,12
837,77
0,838,0.0010488712294621759
838,2
838,6
838,8
838,10
838,12
838,77
0,839,4.935864609233769e-05
839,1
839,4
839,7
839,11
839,12
839,77
0,840,4.935864609233769e-05
840,2
840,4
840,7
840,11
840,12
840,77
0,841,4.935864609233769e-05
841,3
841,4
841,7
841,11
841,12
841,77
0,842,0.0002899820457924839
842,1
842,4
842,8
842,11
842,13
842,138
0,843,0.0008452668143312829
843,3
843,6
843,8
843,11
843,12
843,138
0,844,0.0002899820457924839
844,1
844,4
844,7
844,11
844,13
844,138
0,845,0.00024062339970014622
845,1
845,4
845,9
845,11
845,13
845,138
0,846,0.006743625022365637
846,3
846,5
846,8
846,10
846,13
846,25
0,847,0.0070150975758734935
847,2
847,5
847,8
847,10
847,13
847,25
0,848,0.007089135545012001
848,1
848,5
848,8
848,10
848,13
848,25
0,849,1.2339661523084422e-05
849,3
849,6
849,7
849,11
849,12
849,25
0,850,0.00027147255350785726
850,2
850,6
850,8
850,10
850,12
850,94
0,851,0.0002838122150309417
851,3
851,6
851,8
851,10
851,12
851,94
0,852,0.00025913289198477285
852,1
852,6
852,7
852,10
852,12
852,94
0,853,0.0001665854305616397
853,1
853,6
853,9
853,10
853,12
853,94
0,854,0.0001727552613231819
854,2
854,6
854,7
854,10
854,12
854,94
0,855,0.00019743458436935075
855,1
855,6
855,8
855,10
855,12
855,94
0,856,0.0002221139074155196
856,3
856,6
856,7
856,10
856,12
856,94
0,857,0.0002159440766539774
857,2
857,6
857,9
857,10
857,12
857,94
0,858,0.00027147255350785726
858,3
858,6
858,9
858,10
858,12
858,94
0,859,0.0002221139074155196
859,2
859,6
859,7
859,10
859,13
859,94
0,860,0.0024987814584245954
860,2
860,5
860,8
860,10
860,13
860,26
0,861,0.002196459751109027
861,3
861,6
861,8
861,10
861,13
861,26
0,862,0.0022334787356782806
862,3
862,5
862,8
862,10
862,13
862,26
0,863,0.0021224217819705207
863,2
863,6
863,8
863,10
863,13
863,26
0,864,0.002486441796901511
864,1
864,4
864,8
864,10
864,13
864,26
0,865,0.0022149692433936535
865,3
865,4
865,8
865,10
865,13
865,26
0,866,0.0022087994126321116
866,2
866,4
866,8
866,10
866,13
866,26
0,867,0.0024432529815707157
867,1
867,6
867,8
867,10
867,13
867,26
0,868,0.0024185736585245468
868,1
868,5
868,8
868,10
868,13
868,26
0,869,6.169830761542211e-06
869,3
869,5
869,7
869,11
869,13
869,26
0,870,6.169830761542211e-06
870,3
870,4
870,7
870,11
870,13
870,26
0,871,6.169830761542211e-06
871,3
871,6
871,7
871,11
871,13
871,26
0,872,0.0010735505525083448
872,3
872,4
872,8
872,11
872,12
872,124
0,873,0.0001665854305616397
873,3
873,4
873,9
873,11
873,12
873,124
0,874,0.00018509492284626632
874,3
874,6
874,9
874,11
874,12
874,124
0,875,0.00014807593827701306
875,3
875,5
875,9
875,11
875,12
875,124
0,876,0.0004318881533079548
876,2
876,5
876,8
876,11
876,12
876,70
0,877,0.0004318881533079548
877,2
877,5
877,9
877,11
877,12
877,70
0,878,0.00041337866102332814
878,2
878,6
878,9
878,11
878,12
878,70
0,879,0.0003455105226463638
879,2
879,6
879,7
879,11
879,12
879,70
0,880,0.0004627373071156658
880,2
880,6
880,8
880,11
880,12
880,70
0,881,0.000351680353407906
881,2
881,5
881,7
881,11
881,12
881,70
0,882,0.00048741663016183467
882,2
882,4
882,8
882,11
882,12
882,70
0,883,0.0003640200149309904
883,2
883,4
883,7
883,11
883,12
883,70
0,884,0.00042571832254641254
884,2
884,4
884,9
884,11
884,12
884,70
0,885,0.00012339661523084422
885,2
885,4
885,7
885,10
885,13
885,70
0,886,0.000320831199600195
886,3
886,4
886,9
886,10
886,12
886,130
0,887,0.0003763596764540749
887,3
887,6
887,9
887,10
887,12
887,130
0,888,0.00032700103036173715
888,3
888,5
888,9
888,10
888,12
888,130
0,889,0.0002529630612232306
889,1
889,6
889,8
889,11
889,12
889,130
0,890,0.00024062339970014622
890,3
890,6
890,8
890,11
890,12
890,130
0,891,0.00015424576903855526
891,2
891,6
891,8
891,11
891,12
891,130
0,892,0.00117226784469302
892,3
892,5
892,8
892,11
892,13
892,74
0,893,0.001166098013931478
893,2
893,5
893,8
893,11
893,13
893,74
0,894,0.0010920600447929714
894,1
894,5
894,8
894,11
894,13
894,74
0,895,1.8509492284626632e-05
895,3
895,5
895,7
895,11
895,12
895,74
0,896,1.2339661523084422e-05
896,1
896,4
896,7
896,11
896,12
896,74
0,897,1.8509492284626632e-05
897,1
897,5
897,7
897,11
897,12
897,74
0,898,6.169830761542211e-06
898,3
898,6
898,7
898,11
898,12
898,74
0,899,3.0849153807711056e-05
899,2
899,4
899,7
899,11
899,12
899,74
0,900,1.8509492284626632e-05
900,3
900,4
900,7
900,11
900,12
900,74
0,901,1.2339661523084422e-05
901,2
901,6
901,7
901,11
901,12
901,74
0,902,6.169830761542211e-06
902,2
902,5
902,7
902,11
902,12
902,74
0,903,0.00240006416623992
903,1
903,4
903,9
903,10
903,12
903,50
0,904,0.0022890072125321603
904,3
904,4
904,9
904,10
904,12
904,50
0,905,0.0025358004429938486
905,2
905,4
905,9
905,10
905,12
905,50
0,906,3.0849153807711056e-05
906,2
906,6
906,9
906,11
906,13
906,50
0,907,6.169830761542211e-06
907,3
907,6
907,9
907,11
907,13
907,50
0,908,1.2339661523084422e-05
908,1
908,6
908,9
908,11
908,13
908,50
0,909,0.0028566316425940436
909,2
909,6
909,8
909,11
909,13
909,80
0,910,6.169830761542211e-05
910,1
910,5
910,8
910,10
910,12
910,80
0,911,4.318881533079547e-05
911,1
911,6
911,8
911,10
911,12
911,80
0,912,5.55284768538799e-05
912,1
912,4
912,8
912,10
912,12
912,80
0,913,0.011124204863060606
913,2
913,5
913,8
913,11
913,12
913,33
0,914,1.2339661523084422e-05
914,1
914,5
914,9
914,11
914,12
914,33
0,915,1.2339661523084422e-05
915,1
915,4
915,9
915,11
915,12
915,33
0,916,0.0007095305375773543
916,3
916,6
916,7
916,10
916,12
916,90
0,917,0.0007218701991004387
917,3
917,6
917,9
917,10
917,12
917,90
0,918,2.4679323046168844e-05
918,1
918,5
918,8
918,10
918,13
918,90
0,919,0.0007465495221466075
919,3
919,6
919,8
919,10
919,12
919,90
0,920,2.4679323046168844e-05
920,1
920,6
920,7
920,10
920,13
920,90
0,921,3.0849153807711056e-05
921,1
921,5
921,9
921,10
921,13
921,90
0,922,3.0849153807711056e-05
922,1
922,4
922,9
922,10
922,13
922,90
0,923,1.8509492284626632e-05
923,1
923,5
923,7
923,10
923,13
923,90
0,924,1.2339661523084422e-05
924,1
924,6
924,9
924,10
924,13
924,90
0,925,2.4679323046168844e-05
925,1
925,6
925,8
925,10
925,13
925,90
0,926,3.7018984569253265e-05
926,1
926,4
926,7
926,10
926,13
926,90
0,927,1.2339661523084422e-05
927,1
927,4
927,8
927,10
927,13
927,90
0,928,0.00027147255350785726
928,1
928,5
928,8
928,11
928,13
928,85
0,929,0.0002653027227463151
929,2
929,4
929,8
929,11
929,13
929,85
0,930,0.00025913289198477285
930,3
930,4
930,8
930,11
930,13
930,85
0,931,0.00030232170731556835
931,2
931,5
931,8
931,11
931,13
931,85
0,932,0.00018509492284626632
932,2
932,6
932,7
932,11
932,12
932,85
0,933,0.00031466136883865275
933,3
933,6
933,8
933,11
933,13
933,85
0,934,0.0002961518765540261
934,2
934,6
934,8
934,11
934,13
934,85
0,935,0.00024679323046168845
935,3
935,5
935,8
935,11
935,13
935,85
0,936,0.0002221139074155196
936,1
936,4
936,8
936,11
936,13
936,85
0,937,0.0002899820457924839
937,1
937,6
937,8
937,11
937,13
937,85
0,938,0.0015979861672394326
938,2
938,6
938,9
938,10
938,12
938,109
0,939,0.00012956644599238643
939,1
939,4
939,7
939,10
939,12
939,109
0,940,0.00014190610751547086
940,3
940,4
940,7
940,10
940,12
940,109
0,941,0.00010488712294621758
941,2
941,4
941,7
941,10
941,12
941,109
0,942,0.004392919502218054
942,1
942,5
942,8
942,10
942,12
942,65
0,943,3.0849153807711056e-05
943,3
943,5
943,7
943,10
943,12
943,65
0,944,4.318881533079547e-05
944,3
944,6
944,7
944,10
944,12
944,65
0,945,1.8509492284626632e-05
945,3
945,4
945,7
945,10
945,12
945,65
0,946,0.00025913289198477285
946,2
946,6
946,8
946,11
946,13
946,139
0,947,0.00025913289198477285
947,1
947,4
947,7
947,10
947,12
947,139
0,948,0.0002961518765540261
948,1
948,4
948,8
948,10
948,12
948,139
0,949,0.0002838122150309417
949,3
949,6
949,8
949,11
949,13
949,139
0,950,0.00019743458436935075
950,1
950,6
950,8
950,11
950,13
950,139
0,951,0.0002776423842693995
951,1
951,4
951,9
951,10
951,12
951,139
0,952,4.318881533079547e-05
952,2
952,5
952,7
952,11
952,13
952,129
0,953,6.786813837696431e-05
953,3
953,5
953,8
953,11
953,13
953,129
0,954,0.0003331708611232794
954,2
954,5
954,9
954,10
954,12
954,129
0,955,0.00030232170731556835
955,3
955,5
955,9
955,10
955,12
955,129
0,956,6.786813837696431e-05
956,1
956,5
956,7
956,11
956,13
956,129
0,957,0.00041337866102332814
957,1
957,5
957,9
957,10
957,12
957,129
0,958,9.254746142313316e-05
958,3
958,5
958,9
958,11
958,13
958,129
0,959,6.786813837696431e-05
959,1
959,5
959,9
959,11
959,13
959,129
0,960,4.935864609233769e-05
960,2
960,5
960,9
960,11
960,13
960,129
0,961,7.403796913850653e-05
961,3
961,5
961,7
961,11
961,13
961,129
0,962,6.169830761542211e-05
962,2
962,5
962,8
962,11
962,13
962,129
0,963,8.637763066159095e-05
963,1
963,5
963,8
963,11
963,13
963,129
0,964,0.00015424576903855526
964,1
964,4
964,9
964,10
964,13
964,115
0,965,0.00019126475360780853
965,2
965,4
965,9
965,10
965,13
965,115
0,966,0.0001665854305616397
966,2
966,5
966,9
966,10
966,13
966,115
0,967,0.00012339661523084422
967,3
967,5
967,9
967,10
967,13
967,115
0,968,0.0002221139074155196
968,1
968,5
968,9
968,10
968,13
968,115
0,969,0.00013573627675392863
969,3
969,6
969,9
969,10
969,13
969,115
0,970,0.00014807593827701306
970,2
970,6
970,9
970,10
970,13
970,115
0,971,0.00019743458436935075
971,1
971,6
971,9
971,10
971,13
971,115
0,972,0.00013573627675392863
972,1
972,6
972,7
972,11
972,13
972,115
0,973,0.00014190610751547086
973,1
973,6
973,8
973,11
973,13
973,115
0,974,0.0001665854305616397
974,1
974,6
974,9
974,11
974,13
974,115
0,975,0.00013573627675392863
975,3
975,4
975,9
975,10
975,13
975,115
0,976,0.11689361360817872
976,2
976,5
976,8
976,10
976,13
976,14
0,977,6.169830761542211e-06
977,2
977,6
977,7
977,11
977,12
977,14
0,978,0.0015609671826701795
978,3
978,4
978,9
978,11
978,13
978,110
0,979,0.00035785018416944824
979,1
979,5
979,7
979,10
979,13
979,110
