##NODES##
0,SUM
1,CATNODEPRD,0,0
2,CATNODEPRD,0,1
3,CATNODEPRD,0,2
4,CATNODEPRD,0,3
5,CATNODEPRD,0,4
6,CATNODEPRD,0,5
7,CATNODEPRD,0,6
8,CATNODEPRD,0,7
9,CATNODEPRD,0,8
10,CATNODEPRD,0,9
11,CATNODEPRD,1,0
12,CATNODEPRD,1,1
13,CATNODEPRD,1,2
14,CATNODEPRD,1,3
15,CATNODEPRD,1,4
16,CATNODEPRD,1,5
17,CATNODEPRD,1,6
18,CATNODEPRD,1,7
19,CATNODEPRD,1,8
20,CATNODEPRD,1,9
21,CATNODEPRD,2,0
22,CATNODEPRD,2,1
23,CATNODEPRD,2,2
24,CATNODEPRD,2,3
25,CATNODEPRD,2,4
26,CATNODEPRD,2,5
27,CATNODEPRD,2,6
28,CATNODEPRD,2,7
29,CATNODEPRD,2,8
30,CATNODEPRD,2,9
31,CATNODEPRD,2,10
32,CATNODEPRD,2,11
33,CATNODEPRD,2,12
34,CATNODEPRD,2,13
35,CATNODEPRD,2,14
36,CATNODEPRD,2,15
37,CATNODEPRD,2,16
38,CATNODEPRD,2,17
39,CATNODEPRD,2,18
40,PRD
41,PRD
42,PRD
43,PRD
44,PRD
45,PRD
46,PRD
47,PRD
48,PRD
49,PRD
50,PRD
51,PRD
52,PRD
53,PRD
54,PRD
55,PRD
56,PRD
57,PRD
58,PRD
59,PRD
60,PRD
61,PRD
62,PRD
63,PRD
64,PRD
65,PRD
66,PRD
67,PRD
68,PRD
69,PRD
70,PRD
71,PRD
72,PRD
73,PRD
74,PRD
75,PRD
76,PRD
77,PRD
78,PRD
79,PRD
80,PRD
81,PRD
82,PRD
83,PRD
84,PRD
85,PRD
86,PRD
87,PRD
88,PRD
89,PRD
90,PRD
91,PRD
92,PRD
93,PRD
94,PRD
95,PRD
96,PRD
97,PRD
98,PRD
99,PRD
100,PRD
101,PRD
102,PRD
103,PRD
104,PRD
105,PRD
106,PRD
107,PRD
108,PRD
109,PRD
110,PRD
111,PRD
112,PRD
113,PRD
114,PRD
115,PRD
116,PRD
117,PRD
118,PRD
119,PRD
120,PRD
121,PRD
122,PRD
123,PRD
124,PRD
125,PRD
126,PRD
127,PRD
128,PRD
129,PRD
130,PRD
131,PRD
132,PRD
133,PRD
134,PRD
135,PRD
136,PRD
137,PRD
138,PRD
139,PRD
##EDGES##
0,40,0.01132142857142857
40,1
40,12
40,22
0,41,0.010928571428571428
41,2
41,11
41,22
0,42,0.010857142857142857
42,9
42,12
42,30
0,43,0.009535714285714286
43,1
43,20
43,30
0,44,0.009714285714285713
44,4
44,17
44,30
0,45,0.010678571428571428
45,2
45,19
45,30
0,46,0.011107142857142857
46,3
46,18
46,30
0,47,0.007964285714285714
47,5
47,16
47,30
0,48,0.00975
48,7
48,14
48,30
0,49,0.010285714285714285
49,8
49,13
49,30
0,50,0.007892857142857142
50,6
50,15
50,30
0,51,0.009214285714285715
51,10
51,11
51,30
0,52,0.010035714285714285
52,5
52,15
52,29
0,53,0.011785714285714287
53,2
53,18
53,29
0,54,0.009535714285714286
54,6
54,14
54,29
0,55,0.008964285714285715
55,3
55,17
55,29
0,56,0.009285714285714286
56,7
56,13
56,29
0,57,0.011285714285714286
57,8
57,12
57,29
0,58,0.01
58,1
58,19
58,29
0,59,0.009821428571428571
59,9
59,11
59,29
0,60,0.009714285714285713
60,4
60,16
60,29
0,61,0.01132142857142857
61,4
61,15
61,28
0,62,0.010964285714285715
62,7
62,12
62,28
0,63,0.01025
63,1
63,18
63,28
0,64,0.009571428571428571
64,6
64,13
64,28
0,65,0.011214285714285715
65,2
65,17
65,28
0,66,0.0105
66,5
66,14
66,28
0,67,0.009035714285714286
67,3
67,16
67,28
0,68,0.010892857142857143
68,8
68,11
68,28
0,69,0.012035714285714285
69,10
69,12
69,31
0,70,0.011821428571428571
70,2
70,20
70,31
0,71,0.010857142857142857
71,4
71,18
71,31
0,72,0.010214285714285714
72,8
72,14
72,31
0,73,0.008357142857142856
73,6
73,16
73,31
0,74,0.009964285714285714
74,7
74,15
74,31
0,75,0.009964285714285714
75,9
75,13
75,31
0,76,0.010071428571428571
76,5
76,17
76,31
0,77,0.009857142857142858
77,3
77,19
77,31
0,78,0.0115
78,2
78,13
78,24
0,79,0.009821428571428571
79,4
79,11
79,24
0,80,0.009392857142857142
80,1
80,14
80,24
0,81,0.010285714285714285
81,3
81,12
81,24
0,82,0.009107142857142857
82,10
82,19
82,38
0,83,0.010607142857142857
83,9
83,20
83,38
0,84,0.010357142857142856
84,3
84,13
84,25
0,85,0.01132142857142857
85,4
85,12
85,25
0,86,0.00875
86,5
86,11
86,25
0,87,0.012107142857142858
87,2
87,14
87,25
0,88,0.009464285714285715
88,1
88,15
88,25
0,89,0.011
89,5
89,12
89,26
0,90,0.010535714285714285
90,3
90,14
90,26
0,91,0.010392857142857143
91,4
91,13
91,26
0,92,0.008607142857142857
92,1
92,16
92,26
0,93,0.010392857142857143
93,2
93,15
93,26
0,94,0.008964285714285715
94,6
94,11
94,26
0,95,0.00932142857142857
95,10
95,15
95,34
0,96,0.008464285714285714
96,6
96,19
96,34
0,97,0.009392857142857142
97,5
97,20
97,34
0,98,0.008857142857142857
98,9
98,16
98,34
0,99,0.009928571428571429
99,7
99,18
99,34
0,100,0.010392857142857143
100,8
100,17
100,34
0,101,0.010107142857142858
101,10
101,18
101,37
0,102,0.009642857142857142
102,9
102,19
102,37
0,103,0.009928571428571429
103,8
103,20
103,37
0,104,0.01042857142857143
104,10
104,20
104,39
0,105,0.010392857142857143
105,2
105,16
105,27
0,106,0.009535714285714286
106,6
106,12
106,27
0,107,0.009
107,3
107,15
107,27
0,108,0.009714285714285713
108,4
108,14
108,27
0,109,0.009107142857142857
109,7
109,11
109,27
0,110,0.0085
110,5
110,13
110,27
0,111,0.009821428571428571
111,1
111,17
111,27
0,112,0.010285714285714285
112,10
112,17
112,36
0,113,0.01075
113,9
113,18
113,36
0,114,0.009142857142857144
114,8
114,19
114,36
0,115,0.009857142857142858
115,7
115,20
115,36
0,116,0.009714285714285713
116,10
116,16
116,35
0,117,0.008464285714285714
117,6
117,20
117,35
0,118,0.00925
118,9
118,17
118,35
0,119,0.01075
119,8
119,18
119,35
0,120,0.009107142857142857
120,7
120,19
120,35
0,121,0.012142857142857143
121,2
121,12
121,23
0,122,0.010285714285714285
122,1
122,13
122,23
0,123,0.01042857142857143
123,3
123,11
123,23
0,124,0.009928571428571429
124,10
124,13
124,32
0,125,0.011642857142857142
125,5
125,18
125,32
0,126,0.010714285714285714
126,8
126,15
126,32
0,127,0.011714285714285714
127,9
127,14
127,32
0,128,0.00932142857142857
128,3
128,20
128,32
0,129,0.008107142857142858
129,6
129,17
129,32
0,130,0.00932142857142857
130,7
130,16
130,32
0,131,0.01042857142857143
131,4
131,19
131,32
0,132,0.009964285714285714
132,8
132,16
132,33
0,133,0.009428571428571429
133,9
133,15
133,33
0,134,0.010392857142857143
134,7
134,17
134,33
0,135,0.009357142857142857
135,4
135,20
135,33
0,136,0.00975
136,5
136,19
136,33
0,137,0.009464285714285715
137,10
137,14
137,33
0,138,0.008821428571428572
138,6
138,18
138,33
0,139,0.00975
139,1
139,11
139,21
